~o
<STREAMINFO> 1 39
<VECSIZE> 39<NULLD><MFCC_D_A_0><DIAGC>
~h "multiply"
<BEGINHMM>
<NUMSTATES> 6
<STATE> 2
<MEAN> 39
 -4.812402e+00 6.821417e+00 -3.145812e+00 -1.469157e+01 -2.160336e+00 -1.554899e+01 1.093483e+01 -8.211153e+00 -2.352962e+01 -1.672387e+01 -4.494341e+00 -8.312759e+00 8.175005e+01 -3.963717e-01 7.345508e-03 -2.632584e-02 -1.850866e-01 -1.812841e-01 -1.948334e-01 6.094005e-02 -3.526815e-01 4.517494e-01 -1.225007e-01 3.977861e-01 -2.928261e-01 7.761927e-01 -3.090317e-01 -2.794066e-01 -7.624260e-02 8.497744e-02 -1.130935e-01 1.510490e-01 -1.436487e-01 3.152337e-02 4.118674e-01 2.937934e-01 2.366726e-01 1.228942e-01 1.594648e-02
<VARIANCE> 39
 1.820391e+01 1.296329e+01 4.712853e+01 2.449884e+01 7.970502e+01 3.188549e+01 4.249623e+01 2.130546e+01 4.991093e+01 2.268226e+01 6.242215e+01 3.373165e+01 5.277258e+01 5.419868e+00 2.684083e+00 3.759536e+00 3.149275e+00 6.903970e+00 5.514575e+00 4.562874e+00 2.727310e+00 1.255661e+01 3.788347e+00 7.233747e+00 3.225366e+00 6.324203e+00 5.845376e-01 6.395853e-01 6.211461e-01 5.247670e-01 9.935133e-01 8.941192e-01 6.267052e-01 5.836437e-01 1.721154e+00 7.030613e-01 1.248118e+00 6.035191e-01 6.572518e-01
<GCONST> 1.339161e+02
<STATE> 3
<MEAN> 39
 -1.209392e+01 -1.724773e+00 -1.263421e+00 -7.744950e+00 -2.791435e-01 -1.601240e+01 -2.102582e+00 -9.361348e+00 -3.917803e+00 -8.017682e+00 7.341967e-01 -3.876622e+00 8.091339e+01 3.201938e-01 -1.786261e-02 -3.163525e-01 -2.283320e-01 -1.264167e-01 -1.436885e-01 9.562763e-03 1.071549e-01 1.378073e-01 -8.288302e-02 1.324428e-01 3.828744e-01 2.177335e-01 1.193127e-01 4.592182e-02 -9.268950e-03 -2.028839e-02 1.073976e-01 -4.019202e-02 6.924910e-02 2.067941e-02 -1.004140e-01 -8.942080e-02 -6.394849e-02 -1.123176e-02 -7.398136e-02
<VARIANCE> 39
 3.155968e+01 5.557613e+01 1.794291e+01 4.494289e+01 3.839748e+01 9.818106e+01 3.382232e+01 2.124654e+01 1.870739e+01 3.931467e+01 3.179003e+01 2.545218e+01 9.712057e+01 2.911935e+00 7.479300e+00 2.219035e+00 2.180117e+00 3.455966e+00 6.817706e+00 2.904951e+00 2.224798e+00 2.930732e+00 5.201994e+00 3.729711e+00 2.042108e+00 6.194750e+00 6.582432e-01 1.308735e+00 4.192450e-01 3.361134e-01 5.550170e-01 1.006101e+00 5.171878e-01 4.445707e-01 8.030789e-01 8.438792e-01 7.472854e-01 4.282229e-01 8.607146e-01
<GCONST> 1.289456e+02
<STATE> 4
<MEAN> 39
 -6.916805e+00 -1.066799e+00 -1.147730e+01 -2.047953e+01 8.555664e+00 -1.337619e+01 9.385859e-01 -1.027524e+01 1.060899e+01 -1.827659e+01 4.254934e+00 1.168366e+00 8.953305e+01 -1.791157e-01 -3.291803e-01 2.432815e-01 3.136734e-01 6.803915e-01 -2.844072e-01 -6.127206e-01 -1.527213e-01 9.000543e-01 7.337285e-02 1.721473e-01 -4.906217e-01 -3.232830e-01 -7.905273e-02 1.017603e-01 2.036848e-01 1.344343e-01 -1.472458e-01 -9.784948e-02 -6.464873e-02 1.661193e-02 -1.473222e-01 2.745865e-02 -5.997379e-02 -6.930677e-02 -7.993732e-02
<VARIANCE> 39
 4.025831e+00 1.230810e+01 1.482843e+01 1.102968e+01 4.121558e+01 2.476863e+01 1.938326e+01 1.804453e+01 4.537088e+01 2.468979e+01 1.498982e+01 3.221431e+01 1.117502e+01 3.115910e-01 7.266802e-01 1.488836e+00 1.276163e+00 1.913303e+00 1.975154e+00 1.013820e+00 1.039779e+00 2.058792e+00 1.735124e+00 1.045400e+00 1.163062e+00 2.691632e-01 5.475045e-02 1.170275e-01 1.409243e-01 1.724473e-01 2.666757e-01 2.170910e-01 1.526256e-01 2.215462e-01 2.308929e-01 2.730911e-01 1.962488e-01 1.958070e-01 4.082461e-02
<GCONST> 8.554790e+01
<STATE> 5
<MEAN> 39
 -1.308403e+01 -8.642780e+00 5.046177e+00 -3.262105e+00 3.055815e+00 -2.415425e+01 -7.680995e+00 7.910721e-01 4.718129e+00 -1.089558e+01 -5.922519e-02 -3.864878e+00 7.431340e+01 -1.443684e-01 -3.383279e-01 2.454233e-01 7.678644e-01 -6.720194e-01 2.654552e-01 1.108920e-01 8.807893e-01 -7.351165e-01 3.610359e-01 -4.443508e-01 2.607692e-01 -1.077957e+00 4.365919e-02 6.413444e-02 -1.163130e-01 -1.206729e-01 5.383600e-02 1.818609e-01 4.579749e-02 -1.004905e-01 -2.460526e-03 -2.691912e-03 -3.968471e-03 1.415244e-02 9.089089e-03
<VARIANCE> 39
 7.198083e+00 3.375700e+01 4.463355e+01 4.527834e+01 7.613256e+01 4.479760e+01 2.063975e+01 9.006011e+01 5.536736e+01 4.066713e+01 3.157296e+01 3.435271e+01 5.690487e+01 8.972028e-01 1.782235e+00 2.443524e+00 1.742871e+00 3.440360e+00 3.753135e+00 1.682304e+00 3.227369e+00 1.997948e+00 3.251671e+00 1.860711e+00 1.503832e+00 4.235029e-01 1.414864e-01 2.138494e-01 1.974998e-01 2.804163e-01 5.375625e-01 4.638456e-01 2.799116e-01 4.578984e-01 3.570072e-01 6.505445e-01 3.653663e-01 2.449358e-01 7.767610e-02
<GCONST> 1.111395e+02
<TRANSP> 6
 0.000000e+00 1.000000e+00 0.000000e+00 0.000000e+00 0.000000e+00 0.000000e+00
 0.000000e+00 9.553592e-01 4.464079e-02 0.000000e+00 0.000000e+00 0.000000e+00
 0.000000e+00 0.000000e+00 9.730893e-01 2.691072e-02 0.000000e+00 0.000000e+00
 0.000000e+00 0.000000e+00 0.000000e+00 9.430327e-01 5.696729e-02 0.000000e+00
 0.000000e+00 0.000000e+00 0.000000e+00 0.000000e+00 9.523463e-01 4.765365e-02
 0.000000e+00 0.000000e+00 0.000000e+00 0.000000e+00 0.000000e+00 0.000000e+00
<ENDHMM>
