~o
<STREAMINFO> 1 39
<VECSIZE> 39<NULLD><MFCC_D_A_0><DIAGC>
~h "six"
<BEGINHMM>
<NUMSTATES> 6
<STATE> 2
<MEAN> 39
 -3.054909e+01 -5.336085e+00 3.619188e+00 -1.631827e+01 7.357664e+00 -1.063801e+01 2.792035e+00 -7.349638e+00 2.465154e+00 -2.808242e+00 1.640750e+00 -4.340969e+00 8.660571e+01 -2.036682e-01 2.127538e-01 9.177256e-02 -3.068930e-01 1.965717e-01 -8.017992e-01 -1.713630e-01 -3.636895e-01 -1.091740e-01 -3.172752e-01 -9.045965e-02 -2.780937e-01 1.116109e+00 3.912668e-01 1.237833e-01 -1.024732e-01 2.503056e-01 -1.260005e-01 -1.181590e-01 -2.156528e-01 -4.607942e-02 -1.556600e-01 -5.332812e-02 -9.726018e-02 -8.162916e-02 -1.588697e-01
<VARIANCE> 39
 6.336309e+01 1.676034e+01 2.726940e+01 1.814649e+01 2.492187e+01 2.059433e+01 2.415082e+01 2.367701e+01 1.983048e+01 1.810021e+01 1.133434e+01 1.067702e+01 4.404112e+01 7.659017e+00 1.526436e+00 2.820349e+00 2.617391e+00 2.105336e+00 2.454794e+00 3.883723e+00 2.924745e+00 2.438753e+00 1.874394e+00 1.593977e+00 1.549046e+00 2.169124e+00 6.004570e-01 3.086574e-01 5.498115e-01 4.046779e-01 3.464669e-01 4.663251e-01 3.991252e-01 4.755392e-01 3.228504e-01 3.727238e-01 2.472303e-01 2.634356e-01 1.942314e-01
<GCONST> 1.104708e+02
<STATE> 3
<MEAN> 39
 -1.106184e+01 -3.930693e+00 2.133578e+00 -2.332905e+00 2.297855e+00 -2.450651e+01 -8.427381e+00 -7.158637e+00 -6.261457e+00 -7.068357e+00 -3.039542e+00 -4.798813e+00 8.007696e+01 4.471126e-01 -7.784076e-02 -2.746360e-01 6.824497e-01 -3.119299e-01 5.463445e-01 -1.304317e-02 5.308619e-01 5.499026e-03 1.831360e-01 -2.443190e-02 3.143227e-01 -1.347187e+00 -3.499533e-01 -8.006601e-02 -5.703370e-02 -2.396480e-01 1.898630e-01 1.534963e-01 1.689164e-01 5.171414e-02 1.760232e-01 9.759117e-02 8.935767e-02 2.321520e-02 1.184499e-01
<VARIANCE> 39
 7.455831e+00 1.715678e+01 1.719325e+01 2.437287e+01 2.731527e+01 1.120809e+02 2.346099e+01 4.281836e+01 1.133177e+01 1.948351e+01 2.022102e+01 2.127544e+01 1.694333e+02 3.078386e+00 1.613051e+00 2.036298e+00 2.054130e+00 2.888655e+00 9.217891e+00 2.855773e+00 2.498786e+00 1.654919e+00 2.459402e+00 2.104393e+00 1.873365e+00 3.775459e+00 4.829820e-01 3.432899e-01 4.505727e-01 3.855382e-01 6.271087e-01 1.296307e+00 4.948783e-01 6.257178e-01 2.844628e-01 5.163164e-01 4.581261e-01 4.522568e-01 7.234352e-01
<GCONST> 1.177413e+02
<STATE> 4
<MEAN> 39
 -2.066963e+01 -8.579367e+00 -2.684461e+00 -1.190146e+01 9.954375e+00 -1.023948e+01 -7.011521e+00 -8.463302e+00 6.526452e-01 -9.970483e-01 6.031219e-01 -5.809260e+00 8.188004e+01 -2.727036e+00 -6.366239e-01 2.556354e-01 -2.325397e+00 1.573745e+00 -1.689158e-01 3.799790e-01 -8.321291e-01 1.240484e+00 3.452733e-01 8.816366e-01 -4.322892e-01 4.393897e+00 -1.322753e-01 1.344424e-01 3.656864e-01 2.581076e-01 -4.350788e-01 1.127770e-01 3.131514e-01 3.525360e-01 -2.246951e-02 -1.339705e-01 -9.356759e-02 1.314684e-01 -2.824480e-01
<VARIANCE> 39
 4.638956e+01 1.568146e+01 2.627724e+01 5.988842e+01 4.802612e+01 3.133123e+01 1.482936e+01 2.834012e+01 2.603843e+01 9.698512e+00 2.250499e+01 1.237914e+01 1.619716e+02 1.549260e+00 1.539283e+00 5.263384e+00 5.824753e+00 7.450419e+00 3.099021e+00 2.468255e+00 3.906114e+00 1.940313e+00 1.069883e+00 2.270737e+00 1.597518e+00 6.692526e+00 4.051430e-01 2.794410e-01 7.885187e-01 1.164191e+00 1.259096e+00 6.291453e-01 4.494309e-01 6.579702e-01 4.786368e-01 1.923164e-01 4.860742e-01 2.949981e-01 2.447448e+00
<GCONST> 1.217033e+02
<STATE> 5
<MEAN> 39
 -3.070257e+01 -5.366140e+00 3.842017e+00 -1.777637e+01 1.008132e+01 -9.394564e+00 2.452714e+00 -4.548086e+00 4.052551e-01 -1.988546e+00 2.224422e+00 -4.278694e+00 8.484167e+01 5.719224e-01 2.285160e-01 4.353621e-02 3.171409e-01 -1.835967e-01 1.098016e-01 3.468494e-02 2.760991e-01 -3.980085e-01 7.854229e-02 -2.648315e-01 1.227561e-01 -1.143241e+00 1.278201e-01 -2.378933e-02 -5.460751e-02 9.701612e-02 5.037251e-03 2.039594e-02 -1.082271e-01 -3.040569e-02 -2.684310e-02 -3.544049e-03 -2.193463e-02 -2.146712e-02 -6.345531e-02
<VARIANCE> 39
 5.704038e+01 7.675354e+00 1.185810e+01 2.286523e+01 1.303282e+01 1.442548e+01 2.205127e+01 1.521184e+01 1.842467e+01 9.921580e+00 1.323612e+01 8.903076e+00 1.177969e+02 2.197442e+00 7.407733e-01 1.134180e+00 1.647018e+00 1.248876e+00 1.092346e+00 1.695013e+00 1.472662e+00 1.140568e+00 1.249699e+00 1.173007e+00 8.183719e-01 1.579525e+00 2.598199e-01 1.483534e-01 2.172106e-01 2.189221e-01 2.456173e-01 2.290589e-01 2.481682e-01 2.729136e-01 2.659198e-01 2.656530e-01 2.095214e-01 1.593877e-01 1.623679e-01
<GCONST> 9.252912e+01
<TRANSP> 6
 0.000000e+00 1.000000e+00 0.000000e+00 0.000000e+00 0.000000e+00 0.000000e+00
 0.000000e+00 9.485649e-01 5.143506e-02 0.000000e+00 0.000000e+00 0.000000e+00
 0.000000e+00 0.000000e+00 9.520369e-01 4.796313e-02 0.000000e+00 0.000000e+00
 0.000000e+00 0.000000e+00 0.000000e+00 8.607453e-01 1.392547e-01 0.000000e+00
 0.000000e+00 0.000000e+00 0.000000e+00 0.000000e+00 9.639351e-01 3.606487e-02
 0.000000e+00 0.000000e+00 0.000000e+00 0.000000e+00 0.000000e+00 0.000000e+00
<ENDHMM>
