~o
<STREAMINFO> 1 39
<VECSIZE> 39<NULLD><MFCC_D_A_0><DIAGC>
~h "eight"
<BEGINHMM>
<NUMSTATES> 6
<STATE> 2
<MEAN> 39
 -7.488106e+00 -4.498344e+00 1.990783e+00 -7.328279e+00 3.685079e+00 -3.448536e+01 -2.412109e+00 -1.104712e+01 -1.777882e+00 -1.100132e+01 2.076407e+00 -6.995615e+00 9.055769e+01 -9.088177e-02 7.805678e-01 1.194993e+00 9.543398e-02 7.680330e-01 -4.501773e-01 -4.748315e-01 9.761035e-02 -1.143632e-01 -2.045792e+00 -3.312258e-01 -1.890582e-01 3.350407e-01 -1.679834e-01 9.286077e-02 5.016745e-02 7.851386e-02 4.091880e-02 4.842632e-01 2.437140e-02 1.707795e-01 -7.221375e-02 -3.287490e-02 -1.070992e-01 7.635728e-02 -5.669928e-01
<VARIANCE> 39
 8.738271e+00 2.863923e+01 5.290120e+01 1.265616e+01 3.103289e+01 3.901014e+01 3.873415e+01 2.162804e+01 2.240397e+01 1.213132e+02 1.967068e+01 2.648493e+01 3.408495e+01 1.270255e+00 2.141001e+00 1.772114e+00 1.352825e+00 2.285266e+00 5.318624e+00 2.726902e+00 1.870688e+00 2.041843e+00 2.513436e+00 1.764834e+00 1.965278e+00 7.570941e+00 1.338494e-01 5.786917e-01 3.807729e-01 2.136418e-01 4.989356e-01 1.584981e+00 5.954750e-01 3.141561e-01 3.818746e-01 9.005971e-01 4.359908e-01 3.377956e-01 5.956789e-01
<GCONST> 1.156547e+02
<STATE> 3
<MEAN> 39
 -1.338008e+01 -7.466269e-01 5.007611e+00 -5.470849e+00 4.867291e+00 -1.651294e+01 -3.263103e+00 -3.483756e+00 -3.259846e+00 -1.042220e+01 -2.351191e+00 -3.329974e+00 6.771351e+01 -5.148965e-02 -2.599362e-01 -1.090972e+00 -4.270951e-02 -1.018051e+00 2.300878e+00 1.098302e-01 3.763761e-01 6.725037e-02 1.755378e+00 -1.648809e-01 5.130087e-01 -1.518100e+00 1.338500e-02 -1.284662e-01 -2.777183e-02 -1.256028e-01 -1.851448e-02 -1.347418e-01 2.316560e-02 -5.266300e-02 8.208618e-02 -1.355183e-02 9.578550e-02 -4.905137e-02 3.622865e-01
<VARIANCE> 39
 7.635226e+00 9.306542e+00 4.008664e+01 2.114730e+01 7.482083e+01 1.242631e+02 1.787054e+01 1.690659e+01 2.140555e+01 1.223365e+02 3.371245e+01 2.873100e+01 4.492439e+01 9.898010e-01 8.937948e-01 2.599870e+00 2.141875e+00 4.464777e+00 2.325873e+00 2.329296e+00 1.884131e+00 2.009268e+00 5.399033e+00 2.604090e+00 2.200406e+00 1.577976e+00 2.387849e-01 1.709789e-01 7.164616e-01 5.615734e-01 9.004469e-01 5.450872e-01 4.792519e-01 3.446819e-01 4.049427e-01 1.193072e+00 4.541397e-01 4.133409e-01 3.791439e-01
<GCONST> 1.160913e+02
<STATE> 4
<MEAN> 39
 -2.146711e+01 -7.809831e+00 2.118847e+00 -1.401326e+01 3.680919e+00 -7.501209e+00 -3.153376e-01 -5.363909e+00 1.800351e+00 -5.760149e+00 1.297990e+00 -4.783259e+00 7.927028e+01 -2.182859e+00 -1.048110e+00 1.134982e+00 -2.124828e+00 1.231242e+00 -1.142830e+00 4.568271e-01 -1.309114e+00 1.511896e+00 -8.608692e-01 9.480136e-01 -1.045929e+00 5.347638e+00 2.791896e-01 2.240186e-01 1.760267e-01 4.785574e-01 -3.167026e-01 1.421146e-02 -6.345525e-02 -2.200483e-01 2.054628e-02 9.386151e-02 -9.177338e-02 4.882150e-02 -9.743541e-02
<VARIANCE> 39
 5.126812e+01 2.563013e+01 3.197314e+01 5.522672e+01 3.993392e+01 2.203694e+01 2.050400e+01 2.261858e+01 2.578201e+01 1.790472e+01 1.107995e+01 2.037069e+01 2.162590e+02 3.338737e+00 2.805022e+00 3.432217e+00 6.523523e+00 4.938289e+00 1.640094e+00 2.922220e+00 1.689595e+00 1.467699e+00 1.832211e+00 1.086882e+00 1.733643e+00 9.736180e+00 1.213611e+00 6.303805e-01 7.696045e-01 1.598781e+00 1.076188e+00 5.059421e-01 5.373037e-01 3.474576e-01 4.861345e-01 4.903861e-01 2.368555e-01 4.255728e-01 3.906405e+00
<GCONST> 1.244045e+02
<STATE> 5
<MEAN> 39
 -1.564366e+01 -8.252436e+00 8.060889e+00 -9.807067e+00 1.562108e+00 -8.433014e+00 2.008240e+00 -1.052318e+01 3.801867e+00 -4.266276e+00 4.019292e+00 -7.459548e+00 8.402138e+01 1.013745e+00 3.721328e-01 -1.923883e-01 8.676668e-01 -4.040234e-01 5.512967e-01 -1.030278e-01 4.488059e-01 -5.164785e-01 5.112687e-01 -2.503253e-01 2.446444e-01 -1.885558e+00 -6.102876e-02 1.086037e-03 -1.022741e-01 -3.837301e-02 6.661564e-02 9.154479e-02 3.668530e-03 1.486299e-01 -3.298661e-02 -2.527665e-02 -7.141383e-02 4.006780e-02 -1.830798e-01
<VARIANCE> 39
 4.073365e+01 1.572787e+01 1.931758e+01 2.218292e+01 1.289478e+01 1.849386e+01 2.065798e+01 2.692248e+01 2.524997e+01 2.080248e+01 1.420739e+01 1.467143e+01 1.358307e+02 1.211049e+00 1.311756e+00 1.811370e+00 1.210066e+00 1.241700e+00 1.981096e+00 2.227255e+00 1.926128e+00 1.618064e+00 1.382054e+00 1.573748e+00 1.536494e+00 2.053927e+00 1.992300e-01 2.677857e-01 2.716396e-01 2.751887e-01 2.476039e-01 4.192035e-01 3.671274e-01 2.857461e-01 2.873925e-01 2.746406e-01 2.861803e-01 2.558694e-01 2.859029e-01
<GCONST> 1.020719e+02
<TRANSP> 6
 0.000000e+00 1.000000e+00 0.000000e+00 0.000000e+00 0.000000e+00 0.000000e+00
 0.000000e+00 9.380185e-01 6.198151e-02 0.000000e+00 0.000000e+00 0.000000e+00
 0.000000e+00 0.000000e+00 9.304771e-01 6.952293e-02 0.000000e+00 0.000000e+00
 0.000000e+00 0.000000e+00 0.000000e+00 8.446344e-01 1.553657e-01 0.000000e+00
 0.000000e+00 0.000000e+00 0.000000e+00 0.000000e+00 9.380654e-01 6.193459e-02
 0.000000e+00 0.000000e+00 0.000000e+00 0.000000e+00 0.000000e+00 0.000000e+00
<ENDHMM>
