~o
<STREAMINFO> 1 39
<VECSIZE> 39<NULLD><MFCC_D_A_0><DIAGC>
~h "five"
<BEGINHMM>
<NUMSTATES> 6
<STATE> 2
<MEAN> 39
 -1.959527e+01 -7.710211e+00 -5.313274e+00 -1.283671e+01 3.336364e+00 -9.712090e+00 2.052672e+00 -7.637679e+00 -5.031052e-01 -7.709648e+00 3.293040e+00 -5.474514e+00 8.271297e+01 6.687037e-01 2.178812e-01 -1.989758e-01 -4.206429e-01 -5.288612e-01 -5.688296e-01 1.199587e-01 3.279058e-02 -1.509975e-01 -6.240280e-01 -3.043457e-01 1.572787e-01 1.212516e+00 7.771339e-02 2.554996e-02 7.511945e-03 2.790398e-02 -5.773905e-02 1.170302e-02 -5.043219e-02 9.785109e-02 3.545527e-02 -9.809067e-03 -7.825769e-03 4.467837e-02 -5.504983e-02
<VARIANCE> 39
 8.354827e+01 3.362882e+01 1.636897e+01 1.646861e+01 3.478957e+01 2.994568e+01 2.293603e+01 1.929169e+01 2.568913e+01 3.177278e+01 2.213065e+01 1.597351e+01 5.655756e+01 6.256039e+00 3.308969e+00 1.928158e+00 1.025900e+00 2.933427e+00 2.492412e+00 2.453719e+00 2.016245e+00 2.691344e+00 2.616986e+00 2.776370e+00 1.459162e+00 1.526431e+00 7.327158e-01 6.704786e-01 3.568344e-01 2.210562e-01 4.950983e-01 5.589572e-01 4.711403e-01 4.061252e-01 5.497259e-01 4.734941e-01 6.009022e-01 2.612547e-01 2.372692e-01
<GCONST> 1.151133e+02
<STATE> 3
<MEAN> 39
 -3.596369e+00 -4.292413e+00 -9.870263e+00 -1.683528e+01 -1.869491e+00 -1.198824e+01 1.991764e+00 -2.940910e+00 -1.916673e-01 -1.542520e+01 5.129722e-01 1.143531e-02 9.330994e+01 -2.505170e-01 -2.588077e-01 1.085985e-01 1.888193e-01 7.839035e-01 -4.037648e-01 -3.739314e-01 5.226827e-02 7.110317e-01 1.987944e-01 4.801728e-01 -1.801123e-01 4.816409e-02 -7.575075e-02 5.561377e-02 1.901653e-01 7.948495e-02 8.686506e-02 -2.190910e-01 -7.720844e-02 -6.209945e-02 1.091152e-02 4.554942e-02 -1.726089e-02 -9.702718e-02 -1.066768e-01
<VARIANCE> 39
 7.470953e+00 1.252658e+01 9.629995e+00 1.592704e+01 3.354633e+01 3.966360e+01 2.236866e+01 1.870514e+01 2.529865e+01 4.338475e+01 2.433338e+01 1.435488e+01 7.260253e+00 3.320509e-01 6.467867e-01 1.020401e+00 1.510713e+00 1.606147e+00 4.678969e+00 1.883106e+00 1.470729e+00 1.990118e+00 1.993096e+00 1.178374e+00 1.274541e+00 2.960422e-01 6.530001e-02 1.282185e-01 1.125154e-01 2.991361e-01 3.424129e-01 4.100603e-01 2.744429e-01 2.480196e-01 3.850261e-01 4.194745e-01 2.208418e-01 1.975781e-01 6.821434e-02
<GCONST> 9.135057e+01
<STATE> 4
<MEAN> 39
 -1.091914e+01 -3.963278e+00 5.441538e+00 -6.760983e+00 1.017189e+01 -2.966237e+01 -8.465303e+00 -6.156406e+00 2.538336e+00 -1.398021e+01 -2.932926e-01 -6.317460e+00 8.300102e+01 -4.794726e-01 -1.042295e-01 3.644250e-01 4.016740e-01 2.170939e-01 7.672759e-01 -4.281264e-02 -2.162951e-01 -5.602633e-01 3.064485e-01 -5.062906e-01 -1.860215e-01 -1.231402e+00 -1.554121e-01 3.196519e-03 -2.236057e-01 -1.499729e-01 -1.401012e-01 3.727736e-01 2.668039e-01 -2.552928e-02 -5.430246e-02 -2.489126e-02 1.128990e-01 1.046699e-01 9.969313e-02
<VARIANCE> 39
 1.394592e+01 2.965789e+01 4.768699e+01 3.183275e+01 3.396698e+01 8.631330e+01 2.171791e+01 1.955941e+01 4.816643e+01 5.258114e+01 5.601138e+01 2.748458e+01 5.677529e+01 1.807428e+00 2.348132e+00 5.238430e+00 2.228652e+00 2.796957e+00 1.016748e+01 3.513353e+00 1.494629e+00 2.776796e+00 5.829651e+00 3.259250e+00 2.095862e+00 1.106035e+00 4.680764e-01 4.227943e-01 5.411517e-01 2.834244e-01 5.244498e-01 1.145414e+00 5.999631e-01 3.079703e-01 6.643423e-01 1.154544e+00 6.163089e-01 4.693505e-01 2.413007e-01
<GCONST> 1.233726e+02
<STATE> 5
<MEAN> 39
 -2.364373e+01 -6.306784e+00 -1.587651e+00 -1.041116e+01 7.699524e+00 -7.212071e+00 9.300715e-01 -7.570112e+00 -1.647151e+00 -7.586706e+00 1.815853e+00 -5.249352e+00 7.438570e+01 3.552475e-02 9.415305e-02 6.466834e-03 1.750596e-01 -4.478800e-01 3.881596e-01 1.168083e-01 2.982934e-01 -9.247025e-02 2.473652e-01 -4.753417e-02 1.987626e-01 -5.711929e-01 1.693828e-01 -6.468027e-03 4.920961e-02 1.162658e-01 1.745785e-03 -6.848509e-02 -1.296154e-01 4.801066e-02 -1.082343e-02 1.525255e-02 -1.104877e-01 9.420476e-03 -7.056262e-02
<VARIANCE> 39
 5.272866e+01 2.544759e+01 1.346090e+01 3.111518e+01 3.004533e+01 3.633045e+01 2.019910e+01 2.667499e+01 2.351920e+01 2.017441e+01 2.626998e+01 1.758309e+01 5.822155e+01 3.769290e+00 1.548525e+00 1.290054e+00 2.329779e+00 2.354676e+00 1.945680e+00 1.732516e+00 1.634783e+00 1.535951e+00 1.913761e+00 2.327702e+00 1.376718e+00 2.355416e+00 2.509919e-01 2.044530e-01 2.135553e-01 3.315652e-01 3.860514e-01 3.961237e-01 2.661148e-01 2.739894e-01 2.929564e-01 4.014336e-01 3.447275e-01 2.369728e-01 2.273252e-01
<GCONST> 1.068498e+02
<TRANSP> 6
 0.000000e+00 1.000000e+00 0.000000e+00 0.000000e+00 0.000000e+00 0.000000e+00
 0.000000e+00 9.514182e-01 4.858187e-02 0.000000e+00 0.000000e+00 0.000000e+00
 0.000000e+00 0.000000e+00 9.428301e-01 5.716990e-02 0.000000e+00 0.000000e+00
 0.000000e+00 0.000000e+00 0.000000e+00 9.361663e-01 6.383368e-02 0.000000e+00
 0.000000e+00 0.000000e+00 0.000000e+00 0.000000e+00 9.538289e-01 4.617115e-02
 0.000000e+00 0.000000e+00 0.000000e+00 0.000000e+00 0.000000e+00 0.000000e+00
<ENDHMM>
