~o
<STREAMINFO> 1 39
<VECSIZE> 39<NULLD><MFCC_D_A_0><DIAGC>
~h "seven"
<BEGINHMM>
<NUMSTATES> 6
<STATE> 2
<MEAN> 39
 -2.639282e+01 -7.994808e+00 3.044572e+00 -2.050550e+01 1.056314e+01 -1.536571e+01 4.629854e+00 -8.414757e+00 3.885560e+00 -3.612663e+00 1.882632e+00 -4.558549e+00 8.751929e+01 -5.208139e-02 2.462205e-01 4.307540e-02 2.806381e-02 2.651952e-01 -7.992425e-01 -6.452406e-02 -5.364937e-01 -1.731493e-01 -3.843441e-01 6.563319e-02 -1.777433e-01 1.158714e+00 2.492402e-01 1.859235e-01 -1.537319e-01 2.082249e-01 -1.901481e-01 -1.284747e-02 -2.021057e-01 1.873980e-02 -1.722204e-01 -5.016493e-02 -2.305984e-02 6.773085e-02 -1.594145e-01
<VARIANCE> 39
 6.254637e+01 1.777063e+01 1.702242e+01 2.461209e+01 2.788790e+01 3.021874e+01 3.233858e+01 2.028378e+01 1.133292e+01 1.654496e+01 1.265712e+01 1.027871e+01 4.025340e+01 8.329023e+00 2.847630e+00 2.198270e+00 3.315322e+00 2.961848e+00 2.659586e+00 4.484659e+00 3.405988e+00 2.418725e+00 1.946121e+00 1.433823e+00 1.342155e+00 2.887794e+00 6.990401e-01 4.732490e-01 3.855582e-01 4.716960e-01 2.637161e-01 4.751438e-01 4.401192e-01 6.021144e-01 3.553155e-01 3.824754e-01 3.025280e-01 2.930214e-01 2.568538e-01
<GCONST> 1.129614e+02
<STATE> 3
<MEAN> 39
 -6.327047e+00 3.122494e-02 -5.677990e+00 -1.470502e+01 5.880219e-01 -2.330401e+01 -6.403910e+00 -1.555566e+01 -4.157932e+00 -8.612861e+00 1.540609e+00 -2.789095e+00 9.463233e+01 1.179279e+00 1.871299e-01 -8.414866e-01 -2.113998e-01 -4.935940e-01 -5.352191e-01 2.306471e-01 8.379446e-02 -3.392555e-01 -7.898342e-01 2.160765e-01 5.195183e-01 -1.299905e-01 -4.583185e-01 -2.179083e-01 2.761625e-01 -5.893311e-02 4.069134e-01 1.986996e-01 5.575618e-01 1.866382e-01 8.145838e-02 -2.011635e-01 -3.819435e-02 -7.269335e-02 -4.167254e-01
<VARIANCE> 39
 2.645414e+00 5.788530e+00 1.392938e+01 9.001292e+00 8.235412e+00 2.429593e+01 1.156013e+01 2.058569e+01 1.872873e+01 3.748745e+01 1.282648e+01 2.378544e+01 5.003284e+00 1.910426e+00 8.464451e-01 1.294760e+00 8.820871e-01 1.651082e+00 1.737728e+00 2.522406e+00 2.552356e+00 2.882441e+00 4.147799e+00 1.369486e+00 1.962170e+00 1.763203e+00 5.887154e-01 2.626520e-01 1.930648e-01 2.414242e-01 1.251346e-01 4.213389e-01 3.294313e-01 6.914553e-01 8.317266e-01 7.692824e-01 3.006379e-01 3.952361e-01 1.027822e-01
<GCONST> 9.725299e+01
<STATE> 4
<MEAN> 39
 -4.842619e+00 -5.756713e-01 1.093550e-01 -1.408499e+01 7.072341e+00 -2.173613e+01 2.134450e+00 -1.572246e+01 -8.276784e+00 -1.614335e+01 3.899835e+00 -2.838959e+00 8.565784e+01 -8.402773e-02 1.205267e-01 6.182864e-01 3.263266e-01 7.182105e-01 4.198433e-01 1.478463e-01 4.283562e-02 -8.604383e-02 1.854913e-01 1.388524e-01 -4.392504e-02 -6.353285e-01 1.651546e-02 -2.663648e-02 -5.286811e-02 1.272458e-01 -1.422361e-02 7.920361e-02 -1.689371e-01 1.080112e-01 4.920819e-03 1.977738e-01 -1.109750e-01 4.730974e-02 1.701858e-02
<VARIANCE> 39
 1.143237e+01 2.346775e+01 2.496279e+01 2.434688e+01 1.884601e+01 4.303592e+01 2.041976e+01 2.421592e+01 2.397422e+01 4.705344e+01 6.799398e+01 3.138836e+01 3.064305e+01 1.488051e+00 2.180847e+00 1.905883e+00 3.905555e+00 2.145528e+00 5.052256e+00 2.014295e+00 2.250068e+00 2.537892e+00 4.508503e+00 6.018930e+00 4.294708e+00 5.018886e+00 3.618848e-01 4.009118e-01 3.779183e-01 6.249096e-01 3.511355e-01 8.990063e-01 3.819855e-01 4.600795e-01 4.859787e-01 7.426375e-01 9.052771e-01 9.484599e-01 5.942122e-01
<GCONST> 1.211217e+02
<STATE> 5
<MEAN> 39
 -4.729015e+00 8.316109e-01 3.771013e+00 -3.307227e-01 1.058247e+01 -6.600571e+00 -3.804661e+00 -8.684458e+00 -1.012193e+01 -5.309436e+00 -1.037424e+00 -2.945747e+00 6.942720e+01 -4.369108e-01 -3.555042e-01 -3.386191e-01 5.775073e-01 -8.798711e-01 1.091440e+00 -3.185947e-01 5.671469e-01 2.122343e-01 6.984637e-01 -3.683594e-01 -7.671016e-02 -1.082033e+00 -1.197631e-01 -1.449902e-02 -4.015987e-02 -2.162198e-01 -1.593326e-01 -1.233200e-01 1.014153e-01 -7.954416e-02 1.249355e-01 -5.236286e-02 1.941539e-01 -2.464863e-02 9.083948e-02
<VARIANCE> 39
 1.840279e+01 7.053687e+00 8.715275e+00 2.255743e+01 3.193661e+01 4.901916e+01 1.330727e+01 1.825453e+01 3.062430e+01 1.828381e+01 1.944619e+01 1.627807e+01 2.674291e+01 1.715279e+00 7.637928e-01 1.055365e+00 3.218799e+00 1.526860e+00 2.041164e+00 1.687890e+00 1.763786e+00 2.830846e+00 1.187911e+00 2.730160e+00 2.043454e+00 4.892515e-01 2.251056e-01 1.569065e-01 2.219907e-01 4.391872e-01 3.341947e-01 3.721151e-01 3.065403e-01 3.271557e-01 3.799778e-01 2.461423e-01 4.924834e-01 4.045739e-01 1.123136e-01
<GCONST> 9.975748e+01
<TRANSP> 6
 0.000000e+00 1.000000e+00 0.000000e+00 0.000000e+00 0.000000e+00 0.000000e+00
 0.000000e+00 9.492384e-01 5.076160e-02 0.000000e+00 0.000000e+00 0.000000e+00
 0.000000e+00 0.000000e+00 8.820888e-01 1.179112e-01 0.000000e+00 0.000000e+00
 0.000000e+00 0.000000e+00 0.000000e+00 9.486328e-01 5.136726e-02 0.000000e+00
 0.000000e+00 0.000000e+00 0.000000e+00 0.000000e+00 9.326664e-01 6.733364e-02
 0.000000e+00 0.000000e+00 0.000000e+00 0.000000e+00 0.000000e+00 0.000000e+00
<ENDHMM>
