~o
<STREAMINFO> 1 39
<VECSIZE> 39<NULLD><MFCC_D_A_0><DIAGC>
~h "one"
<BEGINHMM>
<NUMSTATES> 6
<STATE> 2
<MEAN> 39
 -4.895507e+00 1.075530e+01 1.259810e+00 -1.334572e+01 -4.817671e+00 -1.783207e+01 -2.148397e+00 -4.087691e+00 -6.236845e+00 -9.123246e+00 -5.545216e+00 -9.043278e+00 8.102374e+01 6.825460e-01 -8.413609e-01 -1.010643e+00 -3.327024e-01 -9.388952e-01 -3.979993e-02 -1.388675e-02 1.790841e-01 2.070389e-01 -7.676846e-02 -1.598962e-01 3.337866e-01 2.465956e+00 -2.108454e-01 -3.446173e-01 -1.764629e-01 1.321144e-01 1.771205e-01 3.006270e-01 1.202827e-01 1.317561e-01 2.243022e-01 1.197431e-01 1.049384e-01 1.452424e-01 -1.542630e-01
<VARIANCE> 39
 1.974362e+01 5.238581e+01 2.885761e+01 4.848276e+01 6.284978e+01 6.311552e+01 6.014008e+01 2.467677e+01 2.584678e+01 4.371071e+01 2.312324e+01 2.933330e+01 9.231895e+01 1.734115e+00 8.785364e+00 2.820276e+00 3.508822e+00 5.670970e+00 6.341528e+00 2.972973e+00 2.087423e+00 3.949259e+00 5.216763e+00 2.081720e+00 2.455618e+00 2.827776e+00 2.954448e-01 1.510173e+00 5.517133e-01 6.884037e-01 1.096837e+00 9.708964e-01 5.146502e-01 3.747877e-01 7.320635e-01 1.001319e+00 4.970670e-01 3.663463e-01 5.443494e-01
<GCONST> 1.296654e+02
<STATE> 3
<MEAN> 39
 -5.862829e+00 2.860358e+00 -5.738070e+00 -1.520889e+01 -1.803710e+00 -1.297045e+01 1.588215e+00 -1.633683e+00 -4.414630e+00 -1.279394e+01 4.624142e+00 1.487425e-02 9.299248e+01 -4.346057e-01 4.937511e-01 3.805145e-01 7.574932e-02 1.192464e+00 -1.135066e-01 2.910583e-01 -4.737181e-01 -4.917903e-01 -3.714882e-01 1.857597e+00 1.340258e-01 -3.665645e-01 1.804724e-03 1.898640e-01 2.249449e-01 1.469631e-01 1.402038e-01 -2.389595e-02 -1.123214e-01 -1.375076e-01 -8.533842e-02 9.403617e-02 -1.574881e-01 -1.360748e-01 -2.611209e-01
<VARIANCE> 39
 5.371513e+00 1.242149e+01 1.583453e+01 1.132505e+01 3.598464e+01 2.356743e+01 3.308679e+01 3.121712e+01 4.668753e+01 3.080111e+01 9.801771e+01 2.363547e+01 4.523429e+00 1.770018e-01 8.542281e-01 1.215366e+00 1.418761e+00 1.757427e+00 2.030793e+00 1.475152e+00 2.670308e+00 2.144183e+00 2.897493e+00 3.538121e+00 2.752731e+00 6.369312e-01 4.462638e-02 1.945118e-01 1.885082e-01 3.355464e-01 2.789678e-01 5.043424e-01 1.790430e-01 4.257928e-01 4.831276e-01 5.253473e-01 1.025451e+00 3.371975e-01 1.000227e-01
<GCONST> 9.945092e+01
<STATE> 4
<MEAN> 39
 -7.746896e+00 5.286349e+00 3.883026e+00 -5.933030e+00 1.678516e+01 -1.033637e+01 -3.058047e+00 -7.541945e+00 -4.554380e+00 -7.611688e+00 6.519498e+00 -5.307366e+00 7.761032e+01 2.972023e-01 -5.198311e-01 5.651503e-01 1.093064e+00 6.457169e-01 7.531136e-01 -5.674041e-01 -1.937512e-02 3.004009e-01 6.553286e-01 -1.366681e+00 -1.284245e-01 -1.524701e+00 6.836485e-02 -1.262884e-01 -2.090382e-01 -7.874894e-02 -3.556172e-01 -5.484634e-02 3.065358e-02 9.536678e-02 -8.841082e-03 -4.765155e-02 9.723605e-02 5.400318e-02 1.059575e-01
<VARIANCE> 39
 1.616778e+01 1.476267e+01 1.653138e+01 2.911771e+01 4.062925e+01 3.878066e+01 2.497727e+01 2.283925e+01 5.947673e+01 2.786290e+01 7.670701e+01 1.382089e+01 3.021056e+01 6.101763e-01 6.078497e-01 1.399447e+00 3.361563e+00 4.311935e+00 2.231538e+00 1.793516e+00 2.303419e+00 2.023014e+00 2.154188e+00 3.733533e+00 9.777972e-01 1.273504e+00 1.174435e-01 1.421137e-01 2.159548e-01 6.728470e-01 6.166492e-01 4.262602e-01 3.216751e-01 3.964500e-01 3.481326e-01 3.879350e-01 7.567945e-01 1.426379e-01 2.004975e-01
<GCONST> 1.068204e+02
<STATE> 5
<MEAN> 39
 -5.674591e+00 8.459830e-01 4.011430e+00 3.265516e+00 8.560078e+00 -3.337827e+00 -6.552307e+00 -6.941297e+00 -5.370172e+00 -1.465800e+00 1.012544e+00 -5.357863e+00 6.693797e+01 -3.849918e-01 -3.195943e-01 -2.039837e-01 3.066576e-01 -7.558411e-01 4.971931e-01 1.083847e-01 2.946449e-01 8.629300e-02 3.918230e-01 -2.322084e-01 6.527485e-02 -6.811405e-01 -7.357925e-02 1.867912e-02 3.658917e-02 -1.170606e-01 1.139421e-01 -3.903570e-02 5.378769e-02 2.360538e-02 1.897017e-02 -5.057998e-02 6.163828e-03 2.858901e-02 4.732195e-02
<VARIANCE> 39
 1.565134e+01 1.952448e+01 1.634894e+01 8.285288e+00 2.794736e+01 1.847085e+01 2.530287e+01 2.114452e+01 1.986042e+01 5.435981e+01 2.468938e+01 2.080993e+01 1.469590e+01 6.576282e-01 7.043359e-01 9.334935e-01 9.751064e-01 1.671395e+00 1.481699e+00 1.792830e+00 1.687460e+00 1.465236e+00 1.979800e+00 1.247047e+00 1.547668e+00 2.089780e-01 7.990494e-02 1.167889e-01 1.431600e-01 1.408723e-01 2.585818e-01 2.948667e-01 2.920925e-01 3.487493e-01 2.704908e-01 3.473613e-01 2.578148e-01 3.178812e-01 3.471958e-02
<GCONST> 9.039506e+01
<TRANSP> 6
 0.000000e+00 1.000000e+00 0.000000e+00 0.000000e+00 0.000000e+00 0.000000e+00
 0.000000e+00 8.927689e-01 1.072311e-01 0.000000e+00 0.000000e+00 0.000000e+00
 0.000000e+00 0.000000e+00 9.222860e-01 7.771400e-02 0.000000e+00 0.000000e+00
 0.000000e+00 0.000000e+00 0.000000e+00 9.111097e-01 8.889034e-02 0.000000e+00
 0.000000e+00 0.000000e+00 0.000000e+00 0.000000e+00 9.245677e-01 7.543235e-02
 0.000000e+00 0.000000e+00 0.000000e+00 0.000000e+00 0.000000e+00 0.000000e+00
<ENDHMM>
