~o
<STREAMINFO> 1 39
<VECSIZE> 39<NULLD><MFCC_D_A_0><DIAGC>
~h "ten"
<BEGINHMM>
<NUMSTATES> 6
<STATE> 2
<MEAN> 39
 -1.062983e+01 -1.074595e+01 1.905726e+00 -1.149376e+01 3.868950e+00 -1.818928e+01 9.670500e+00 -1.142102e+01 3.918925e+00 -2.752354e+00 3.759282e+00 -7.345939e+00 9.348621e+01 7.832389e-01 2.578854e-01 -5.864324e-01 -7.537237e-02 -1.890892e-01 -1.174607e+00 1.326725e-01 -2.256778e-01 -9.714049e-01 2.660816e-02 -3.509260e-01 -3.844697e-01 7.070411e-01 -1.784852e-02 2.182066e-01 -2.225250e-01 9.846243e-02 -1.964861e-01 1.309577e-01 -2.160079e-01 1.441524e-01 -3.053717e-01 -5.069804e-02 -1.308524e-01 1.454620e-01 -4.822153e-01
<VARIANCE> 39
 2.593622e+01 2.349427e+01 2.362266e+01 1.239124e+01 1.008479e+01 4.755481e+01 2.859218e+01 1.416272e+01 4.344183e+01 1.682147e+01 1.906438e+01 1.938075e+01 5.996091e+00 2.089098e+00 4.539907e+00 1.960257e+00 1.861679e+00 1.640001e+00 2.497396e+00 3.874220e+00 2.064391e+00 6.344875e+00 2.354660e+00 3.118565e+00 2.736437e+00 3.327944e+00 4.578280e-01 5.694466e-01 3.613141e-01 5.676550e-01 2.445143e-01 6.187991e-01 4.854582e-01 5.085654e-01 9.039015e-01 4.128503e-01 7.368874e-01 6.902751e-01 1.227913e+00
<GCONST> 1.156543e+02
<STATE> 3
<MEAN> 39
 -5.732306e+00 -2.327567e+00 -4.422064e+00 -1.580373e+01 1.049796e+00 -2.360749e+01 4.225360e+00 -1.325566e+01 -1.000889e+01 -4.542634e+00 8.688932e+00 -5.593059e+00 9.530536e+01 6.781453e-02 6.132154e-02 3.839745e-01 -5.506167e-01 7.681261e-01 7.425547e-02 5.126646e-02 -2.046673e-01 -2.383755e-01 -6.698698e-02 1.892632e+00 3.127868e-01 -2.540500e-01 -7.567257e-02 -1.434853e-01 2.460820e-01 1.189013e-02 3.108367e-01 -1.494589e-02 2.389883e-01 -7.438104e-02 1.910624e-01 1.442730e-02 9.596750e-02 -1.031896e-01 -1.835454e-01
<VARIANCE> 39
 2.404421e+00 8.528574e+00 8.054143e+00 1.431592e+01 2.063149e+01 2.087001e+01 3.447519e+01 1.152576e+01 1.697529e+01 1.813794e+01 6.392351e+01 2.580194e+01 4.632638e+00 9.077790e-02 7.257857e-01 1.076251e+00 4.790405e-01 1.760247e+00 1.103050e+00 2.198744e+00 9.320855e-01 1.587922e+00 1.486715e+00 1.457047e+00 1.842277e+00 2.436952e-01 3.723328e-02 1.844983e-01 1.013324e-01 1.127806e-01 2.048445e-01 2.230913e-01 3.117667e-01 1.660709e-01 4.831700e-01 3.204227e-01 5.824206e-01 2.794122e-01 3.817306e-02
<GCONST> 8.215421e+01
<STATE> 4
<MEAN> 39
 -6.532341e+00 2.678805e-01 5.087927e+00 -1.087223e+01 1.408457e+01 -1.668808e+01 4.411649e+00 -1.506189e+01 -1.180237e+01 -7.101766e+00 8.535122e+00 -5.032416e+00 8.086350e+01 4.665617e-02 5.853322e-01 4.474943e-01 1.303287e+00 2.578823e-01 1.167019e+00 -5.338511e-01 4.236622e-01 -2.755037e-01 -1.883518e-01 -1.739486e+00 2.003349e-01 -1.767884e+00 8.945183e-02 1.109064e-02 -1.670449e-01 1.201461e-01 -2.711120e-01 5.184763e-02 -1.265511e-01 1.493972e-01 -5.724783e-02 4.339467e-02 -1.311357e-01 1.720441e-02 -1.764359e-02
<VARIANCE> 39
 1.691559e+01 2.884940e+01 9.405982e+00 3.776088e+01 1.845910e+01 4.141052e+01 2.127832e+01 1.420512e+01 1.857635e+01 1.699035e+01 7.140787e+01 2.484521e+01 4.380160e+01 2.162563e+00 1.674484e+00 1.308559e+00 2.942221e+00 3.182336e+00 2.010141e+00 2.025595e+00 1.748300e+00 2.302587e+00 1.177866e+00 3.034662e+00 1.704170e+00 1.766796e+00 4.408444e-01 3.551654e-01 1.910524e-01 6.953974e-01 4.032204e-01 4.635902e-01 4.203983e-01 2.899336e-01 4.998660e-01 2.189439e-01 7.567396e-01 3.121983e-01 3.544885e-01
<GCONST> 1.097244e+02
<STATE> 5
<MEAN> 39
 -5.316985e+00 2.605294e+00 5.482180e+00 6.205757e-01 5.432811e+00 -6.037086e+00 -3.472014e+00 -7.056776e+00 -1.361537e+01 -7.061422e+00 -3.931483e+00 -6.401155e+00 6.690160e+01 -3.904839e-01 -4.104125e-01 -3.196932e-01 2.865360e-01 -1.091956e+00 7.516987e-01 -3.768283e-01 6.265840e-01 5.399343e-01 2.434397e-01 -2.281486e-01 3.419802e-02 -8.376349e-01 -1.096014e-01 -7.031996e-02 -5.082209e-02 -1.522070e-01 1.719877e-02 -3.868825e-02 9.063537e-02 -5.135120e-02 1.961701e-01 4.260387e-02 9.412842e-02 5.750639e-02 9.144470e-02
<VARIANCE> 39
 8.934207e+00 1.223647e+01 9.827755e+00 1.777792e+01 2.231005e+01 1.914100e+01 1.407462e+01 1.637813e+01 1.877311e+01 2.082705e+01 1.826072e+01 2.170616e+01 9.882417e+00 5.810921e-01 9.047108e-01 1.575072e+00 2.390861e+00 1.027909e+00 1.347020e+00 1.557540e+00 1.631932e+00 1.660153e+00 1.975772e+00 1.596331e+00 2.152362e+00 2.533990e-01 8.907704e-02 1.302831e-01 3.007497e-01 3.468636e-01 2.032711e-01 2.841229e-01 2.635700e-01 3.117177e-01 2.514716e-01 3.735981e-01 2.672319e-01 3.488427e-01 3.342622e-02
<GCONST> 9.006083e+01
<TRANSP> 6
 0.000000e+00 1.000000e+00 0.000000e+00 0.000000e+00 0.000000e+00 0.000000e+00
 0.000000e+00 9.186023e-01 8.139764e-02 0.000000e+00 0.000000e+00 0.000000e+00
 0.000000e+00 0.000000e+00 9.091464e-01 9.085368e-02 0.000000e+00 0.000000e+00
 0.000000e+00 0.000000e+00 0.000000e+00 9.121833e-01 8.781671e-02 0.000000e+00
 0.000000e+00 0.000000e+00 0.000000e+00 0.000000e+00 9.124390e-01 8.756094e-02
 0.000000e+00 0.000000e+00 0.000000e+00 0.000000e+00 0.000000e+00 0.000000e+00
<ENDHMM>
