~o
<STREAMINFO> 1 39
<VECSIZE> 39<NULLD><MFCC_D_A_0><DIAGC>
~h "sil"
<BEGINHMM>
<NUMSTATES> 6
<STATE> 2
<MEAN> 39
 -1.558960e+01 -3.384719e+00 -4.508344e-01 -4.583911e+00 1.939494e+00 -3.063239e+00 -2.112190e+00 -3.654611e+00 -3.734632e+00 -2.724171e+00 -6.043181e-02 -1.837501e+00 6.193975e+01 2.888386e-02 -4.307602e-03 -7.671259e-02 9.907497e-02 -1.109387e-01 1.220404e-01 -1.894125e-02 -5.400896e-03 3.845081e-02 -4.480042e-02 -7.180060e-02 -3.127953e-02 -9.186212e-02 1.656971e-02 -6.557472e-03 4.628784e-03 2.256864e-02 -3.601623e-02 -2.707187e-02 -2.743703e-03 -1.743235e-02 3.704167e-02 -4.429890e-03 5.728511e-03 -1.198909e-02 2.856677e-02
<VARIANCE> 39
 2.263383e+01 2.433116e+01 3.644867e+01 4.175527e+01 2.544660e+01 3.075189e+01 2.353651e+01 3.408670e+01 2.444549e+01 2.036847e+01 2.330859e+01 2.011559e+01 1.684901e+01 1.253812e+00 1.328819e+00 1.642321e+00 2.032816e+00 2.148353e+00 2.224844e+00 2.160833e+00 2.202935e+00 2.124583e+00 2.001482e+00 1.599068e+00 1.531707e+00 1.695548e+00 2.225705e-01 2.330538e-01 2.953348e-01 3.431457e-01 4.018600e-01 3.937937e-01 4.143837e-01 4.082895e-01 4.179967e-01 3.911989e-01 3.039654e-01 2.944181e-01 3.212690e-01
<GCONST> 1.073347e+02
<STATE> 3
<MEAN> 39
 -1.551851e+01 -2.474367e+00 -1.245167e+00 -3.222723e+00 -4.564061e-01 -3.540799e+00 -2.004224e+00 -3.049858e+00 -2.188854e+00 -2.760972e+00 -1.325258e+00 -2.205247e+00 5.995488e+01 2.770047e-02 -3.523879e-02 3.560946e-03 2.487031e-02 -2.581318e-02 -1.848369e-03 2.787003e-02 -1.030005e-02 3.314000e-02 -2.703799e-02 -8.838257e-03 -1.955016e-02 5.101628e-02 1.492153e-03 -2.331324e-03 9.599365e-03 -1.439390e-02 9.012563e-03 -3.572874e-03 -8.456907e-03 6.034427e-05 -1.327549e-02 6.613998e-03 4.411051e-03 2.071422e-03 1.092247e-02
<VARIANCE> 39
 5.861370e+00 4.565418e+00 7.222617e+00 1.011183e+01 8.873549e+00 1.080646e+01 1.025306e+01 1.277623e+01 1.090318e+01 1.074955e+01 1.073008e+01 9.508203e+00 3.735334e+00 1.699400e-01 2.227045e-01 3.908561e-01 6.102597e-01 8.154985e-01 9.133027e-01 1.044300e+00 1.086109e+00 1.146048e+00 1.083752e+00 1.051080e+00 9.085437e-01 8.218548e-02 3.327869e-02 4.536123e-02 8.114036e-02 1.201492e-01 1.622024e-01 1.872595e-01 2.195192e-01 2.213729e-01 2.343139e-01 2.268754e-01 2.209560e-01 1.882326e-01 1.326624e-02
<GCONST> 6.411428e+01
<STATE> 4
<MEAN> 39
 -1.427739e+01 -4.354665e+00 -1.122164e+00 -2.802505e+00 -2.313213e+00 -2.472760e+00 -3.123595e+00 -1.721815e+00 -3.032236e+00 -1.951371e+00 -2.399536e+00 -1.561987e+00 5.905267e+01 -3.832967e-03 3.003453e-03 -8.534814e-03 1.096192e-02 -2.143034e-02 2.230795e-02 -2.491001e-02 9.168368e-03 -4.458000e-03 2.130409e-02 4.791705e-04 9.874858e-03 -3.822423e-02 6.269886e-04 3.626631e-03 4.542842e-03 -2.593266e-03 9.415829e-03 -3.728597e-03 6.212614e-03 5.681804e-03 -1.086153e-03 2.103577e-04 2.803046e-04 1.015310e-03 5.095100e-03
<VARIANCE> 39
 1.933766e+00 2.325345e+00 2.866547e+00 4.735136e+00 5.257687e+00 6.304932e+00 7.062136e+00 7.681363e+00 7.845222e+00 7.720758e+00 7.167775e+00 6.599328e+00 1.546591e+00 6.301914e-02 1.302783e-01 2.304551e-01 3.468014e-01 4.641911e-01 5.796446e-01 6.737705e-01 7.533749e-01 7.772017e-01 7.973253e-01 7.348751e-01 6.354178e-01 1.981411e-02 1.290653e-02 2.695945e-02 4.831405e-02 7.134685e-02 9.569132e-02 1.197966e-01 1.388976e-01 1.554132e-01 1.603599e-01 1.649969e-01 1.531086e-01 1.275765e-01 3.917505e-03
<GCONST> 4.215020e+01
<STATE> 5
<MEAN> 39
 -1.531942e+01 -2.431571e+00 5.527833e-01 -4.626123e+00 1.996965e+00 -4.202949e+00 -9.611913e-01 -3.430169e+00 -2.725863e+00 -2.944693e+00 -1.225617e+00 -2.754976e+00 6.397198e+01 5.368534e-02 4.225183e-02 3.556145e-01 -5.525210e-01 5.143124e-01 -6.036740e-01 1.662452e-01 -3.873799e-01 -1.634308e-01 -1.840508e-01 6.336830e-03 -2.492703e-01 1.232118e+00 1.682709e-02 6.554049e-03 3.717491e-02 -9.639302e-02 3.711550e-02 -1.614109e-01 2.391116e-03 -1.161215e-01 -2.902998e-02 -1.187462e-01 2.030569e-02 -6.763653e-02 3.079502e-01
<VARIANCE> 39
 2.235324e+01 2.793486e+01 2.603986e+01 4.178579e+01 2.800177e+01 4.041302e+01 2.279025e+01 2.829600e+01 2.528370e+01 2.029469e+01 2.167402e+01 1.535639e+01 4.221679e+01 2.709868e+00 3.188223e+00 2.734262e+00 3.610185e+00 3.108313e+00 4.412068e+00 2.434045e+00 2.645692e+00 2.887661e+00 2.630375e+00 2.386464e+00 1.548832e+00 6.534320e+00 4.422868e-01 5.364113e-01 4.975024e-01 6.580119e-01 5.700540e-01 7.593510e-01 5.008345e-01 4.788389e-01 4.794958e-01 4.890444e-01 4.267602e-01 2.887571e-01 9.866801e-01
<GCONST> 1.201586e+02
<TRANSP> 6
 0.000000e+00 6.148849e-01 3.851151e-01 0.000000e+00 0.000000e+00 0.000000e+00
 0.000000e+00 9.221162e-01 7.548241e-02 2.401382e-03 0.000000e+00 0.000000e+00
 0.000000e+00 0.000000e+00 9.508438e-01 3.272935e-02 1.642689e-02 0.000000e+00
 0.000000e+00 0.000000e+00 0.000000e+00 9.706857e-01 1.085258e-02 1.846169e-02
 0.000000e+00 0.000000e+00 0.000000e+00 0.000000e+00 8.972313e-01 1.027687e-01
 0.000000e+00 0.000000e+00 0.000000e+00 0.000000e+00 0.000000e+00 0.000000e+00
<ENDHMM>
