~o
<STREAMINFO> 1 39
<VECSIZE> 39<NULLD><MFCC_D_A_0><DIAGC>
~h "six"
<BEGINHMM>
<NUMSTATES> 6
<STATE> 2
<MEAN> 39
 -3.054926e+01 -5.336001e+00 3.619179e+00 -1.631821e+01 7.357482e+00 -1.063788e+01 2.792134e+00 -7.349792e+00 2.465041e+00 -2.807971e+00 1.640593e+00 -4.341050e+00 8.660553e+01 -2.036570e-01 2.127845e-01 9.174756e-02 -3.068719e-01 1.965615e-01 -8.018147e-01 -1.713568e-01 -3.636639e-01 -1.091774e-01 -3.172852e-01 -9.046981e-02 -2.780880e-01 1.116105e+00 3.912789e-01 1.237905e-01 -1.024771e-01 2.503105e-01 -1.259960e-01 -1.181599e-01 -2.156513e-01 -4.607191e-02 -1.556559e-01 -5.333834e-02 -9.725165e-02 -8.162924e-02 -1.588698e-01
<VARIANCE> 39
 6.336081e+01 1.676194e+01 2.727046e+01 1.814557e+01 2.492055e+01 2.059372e+01 2.415176e+01 2.367607e+01 1.982952e+01 1.809913e+01 1.133401e+01 1.067692e+01 4.403952e+01 7.659147e+00 1.526488e+00 2.820309e+00 2.617396e+00 2.105187e+00 2.454743e+00 3.883812e+00 2.924719e+00 2.438725e+00 1.874485e+00 1.593928e+00 1.549096e+00 2.169024e+00 6.004385e-01 3.086651e-01 5.498144e-01 4.046970e-01 3.464335e-01 4.663103e-01 3.991255e-01 4.755360e-01 3.228556e-01 3.727477e-01 2.472312e-01 2.634485e-01 1.942131e-01
<GCONST> 1.104706e+02
<STATE> 3
<MEAN> 39
 -1.106169e+01 -3.930701e+00 2.133491e+00 -2.333068e+00 2.297683e+00 -2.450666e+01 -8.427334e+00 -7.158834e+00 -6.261301e+00 -7.068294e+00 -3.039600e+00 -4.798772e+00 8.007697e+01 4.470989e-01 -7.784545e-02 -2.746288e-01 6.824383e-01 -3.119270e-01 5.463397e-01 -1.305788e-02 5.308666e-01 5.506170e-03 1.831171e-01 -2.443394e-02 3.143266e-01 -1.347180e+00 -3.499586e-01 -8.006161e-02 -5.703045e-02 -2.396494e-01 1.898634e-01 1.535020e-01 1.689177e-01 5.171712e-02 1.760210e-01 9.759809e-02 8.935213e-02 2.321474e-02 1.184504e-01
<VARIANCE> 39
 7.455419e+00 1.715581e+01 1.719414e+01 2.437173e+01 2.731346e+01 1.120817e+02 2.346004e+01 4.281636e+01 1.133188e+01 1.948366e+01 2.022120e+01 2.127556e+01 1.694304e+02 3.078331e+00 1.613097e+00 2.036415e+00 2.054037e+00 2.888572e+00 9.218125e+00 2.855703e+00 2.498624e+00 1.654888e+00 2.459451e+00 2.104372e+00 1.873309e+00 3.775393e+00 4.829745e-01 3.433020e-01 4.505930e-01 3.855313e-01 6.271025e-01 1.296349e+00 4.948837e-01 6.256928e-01 2.844674e-01 5.163337e-01 4.581238e-01 4.522403e-01 7.234212e-01
<GCONST> 1.177409e+02
<STATE> 4
<MEAN> 39
 -2.066957e+01 -8.579138e+00 -2.684398e+00 -1.190133e+01 9.954473e+00 -1.023955e+01 -7.011615e+00 -8.463204e+00 6.527072e-01 -9.969242e-01 6.029808e-01 -5.809330e+00 8.187997e+01 -2.727023e+00 -6.366616e-01 2.555927e-01 -2.325378e+00 1.573711e+00 -1.689123e-01 3.799841e-01 -8.321632e-01 1.240456e+00 3.453221e-01 8.816465e-01 -4.322996e-01 4.393893e+00 -1.322840e-01 1.344169e-01 3.656790e-01 2.581032e-01 -4.351065e-01 1.127670e-01 3.131473e-01 3.525229e-01 -2.246946e-02 -1.339727e-01 -9.357575e-02 1.314769e-01 -2.824513e-01
<VARIANCE> 39
 4.638887e+01 1.568220e+01 2.627713e+01 5.988558e+01 4.802716e+01 3.133156e+01 1.482956e+01 2.833958e+01 2.603720e+01 9.698542e+00 2.250546e+01 1.237877e+01 1.619711e+02 1.549387e+00 1.539193e+00 5.263248e+00 5.824352e+00 7.450902e+00 3.099071e+00 2.468158e+00 3.905909e+00 1.940227e+00 1.069893e+00 2.270836e+00 1.597509e+00 6.692679e+00 4.051455e-01 2.794498e-01 7.884951e-01 1.164085e+00 1.259148e+00 6.291677e-01 4.494260e-01 6.579768e-01 4.786032e-01 1.923152e-01 4.860905e-01 2.949989e-01 2.447482e+00
<GCONST> 1.217031e+02
<STATE> 5
<MEAN> 39
 -3.070278e+01 -5.366009e+00 3.842139e+00 -1.777634e+01 1.008134e+01 -9.394575e+00 2.452831e+00 -4.548031e+00 4.051638e-01 -1.988481e+00 2.224206e+00 -4.278661e+00 8.484164e+01 5.719199e-01 2.285255e-01 4.355112e-02 3.171428e-01 -1.835738e-01 1.098082e-01 3.468322e-02 2.761116e-01 -3.980191e-01 7.854432e-02 -2.648353e-01 1.227475e-01 -1.143240e+00 1.278269e-01 -2.378624e-02 -5.460719e-02 9.702097e-02 5.040012e-03 2.040224e-02 -1.082253e-01 -3.040347e-02 -2.684123e-02 -3.544820e-03 -2.192977e-02 -2.146741e-02 -6.345354e-02
<VARIANCE> 39
 5.703851e+01 7.675511e+00 1.185871e+01 2.286331e+01 1.303247e+01 1.442419e+01 2.205001e+01 1.521112e+01 1.842488e+01 9.921441e+00 1.323563e+01 8.902617e+00 1.177940e+02 2.197402e+00 7.407687e-01 1.134176e+00 1.646966e+00 1.248905e+00 1.092319e+00 1.695038e+00 1.472702e+00 1.140567e+00 1.249682e+00 1.172980e+00 8.183302e-01 1.579512e+00 2.598064e-01 1.483535e-01 2.172051e-01 2.189106e-01 2.456240e-01 2.290513e-01 2.481663e-01 2.729236e-01 2.659228e-01 2.656497e-01 2.095193e-01 1.593810e-01 1.623676e-01
<GCONST> 9.252849e+01
<TRANSP> 6
 0.000000e+00 1.000000e+00 0.000000e+00 0.000000e+00 0.000000e+00 0.000000e+00
 0.000000e+00 9.485647e-01 5.143530e-02 0.000000e+00 0.000000e+00 0.000000e+00
 0.000000e+00 0.000000e+00 9.520369e-01 4.796316e-02 0.000000e+00 0.000000e+00
 0.000000e+00 0.000000e+00 0.000000e+00 8.607448e-01 1.392552e-01 0.000000e+00
 0.000000e+00 0.000000e+00 0.000000e+00 0.000000e+00 9.639351e-01 3.606494e-02
 0.000000e+00 0.000000e+00 0.000000e+00 0.000000e+00 0.000000e+00 0.000000e+00
<ENDHMM>
