~o
<STREAMINFO> 1 39
<VECSIZE> 39<NULLD><MFCC_D_A_0><DIAGC>
~h "five"
<BEGINHMM>
<NUMSTATES> 6
<STATE> 2
<MEAN> 39
 -1.959474e+01 -7.709712e+00 -5.313228e+00 -1.283694e+01 3.335901e+00 -9.712333e+00 2.052712e+00 -7.637521e+00 -5.031389e-01 -7.710251e+00 3.292903e+00 -5.474198e+00 8.271339e+01 6.687187e-01 2.178617e-01 -1.989313e-01 -4.207279e-01 -5.288012e-01 -5.688756e-01 1.200471e-01 3.280890e-02 -1.508943e-01 -6.241339e-01 -3.042503e-01 1.573202e-01 1.212452e+00 7.769474e-02 2.550685e-02 7.506797e-03 2.790014e-02 -5.767871e-02 1.173771e-02 -5.042578e-02 9.784102e-02 3.546966e-02 -9.783185e-03 -7.818676e-03 4.466372e-02 -5.507242e-02
<VARIANCE> 39
 8.355355e+01 3.363290e+01 1.636994e+01 1.646911e+01 3.479314e+01 2.994798e+01 2.293533e+01 1.929354e+01 2.568849e+01 3.177867e+01 2.213006e+01 1.597543e+01 5.655898e+01 6.255877e+00 3.308809e+00 1.928201e+00 1.026114e+00 2.933477e+00 2.492357e+00 2.454024e+00 2.016195e+00 2.691499e+00 2.617429e+00 2.776422e+00 1.459229e+00 1.526517e+00 7.327068e-01 6.704928e-01 3.568418e-01 2.210571e-01 4.951878e-01 5.589712e-01 4.711514e-01 4.061081e-01 5.497155e-01 4.735166e-01 6.008670e-01 2.612618e-01 2.372764e-01
<GCONST> 1.151149e+02
<STATE> 3
<MEAN> 39
 -3.596299e+00 -4.292844e+00 -9.870649e+00 -1.683516e+01 -1.869353e+00 -1.198767e+01 1.991638e+00 -2.940892e+00 -1.916934e-01 -1.542461e+01 5.128964e-01 1.139629e-02 9.331007e+01 -2.505802e-01 -2.588078e-01 1.085529e-01 1.889614e-01 7.838808e-01 -4.036972e-01 -3.740710e-01 5.224283e-02 7.109523e-01 1.989764e-01 4.800758e-01 -1.801559e-01 4.819038e-02 -7.573447e-02 5.566471e-02 1.901799e-01 7.949540e-02 8.680256e-02 -2.191465e-01 -7.721853e-02 -6.209106e-02 1.089832e-02 4.552151e-02 -1.726940e-02 -9.701658e-02 -1.066525e-01
<VARIANCE> 39
 7.470827e+00 1.252367e+01 9.627089e+00 1.592763e+01 3.354597e+01 3.966098e+01 2.236922e+01 1.870514e+01 2.529910e+01 4.338152e+01 2.433295e+01 1.435497e+01 7.260311e+00 3.319817e-01 6.468089e-01 1.020378e+00 1.510325e+00 1.606189e+00 4.679162e+00 1.882724e+00 1.470801e+00 1.990121e+00 1.992251e+00 1.178231e+00 1.274415e+00 2.960303e-01 6.529398e-02 1.281633e-01 1.125022e-01 2.991472e-01 3.423329e-01 4.100179e-01 2.744474e-01 2.480391e-01 3.850465e-01 4.194728e-01 2.208317e-01 1.975830e-01 6.820261e-02
<GCONST> 9.134769e+01
<STATE> 4
<MEAN> 39
 -1.091924e+01 -3.963315e+00 5.441520e+00 -6.761046e+00 1.017207e+01 -2.966246e+01 -8.465218e+00 -6.156535e+00 2.538352e+00 -1.398016e+01 -2.934396e-01 -6.317318e+00 8.300111e+01 -4.794820e-01 -1.042309e-01 3.644364e-01 4.016576e-01 2.171345e-01 7.672421e-01 -4.280426e-02 -2.163136e-01 -5.602508e-01 3.064288e-01 -5.062640e-01 -1.860518e-01 -1.231393e+00 -1.554181e-01 3.196166e-03 -2.236066e-01 -1.499762e-01 -1.401048e-01 3.727828e-01 2.668077e-01 -2.553106e-02 -5.430140e-02 -2.489229e-02 1.129049e-01 1.046694e-01 9.969574e-02
<VARIANCE> 39
 1.394596e+01 2.965709e+01 4.768911e+01 3.183228e+01 3.396747e+01 8.631150e+01 2.171759e+01 1.955983e+01 4.816643e+01 5.257962e+01 5.600947e+01 2.748459e+01 5.677413e+01 1.807466e+00 2.348112e+00 5.238478e+00 2.228697e+00 2.796989e+00 1.016763e+01 3.513370e+00 1.494652e+00 2.776816e+00 5.829694e+00 3.259313e+00 2.095891e+00 1.106037e+00 4.680872e-01 4.227900e-01 5.411467e-01 2.834278e-01 5.244521e-01 1.145413e+00 5.999727e-01 3.079751e-01 6.643496e-01 1.154553e+00 6.163251e-01 4.693531e-01 2.413041e-01
<GCONST> 1.233728e+02
<STATE> 5
<MEAN> 39
 -2.364401e+01 -6.306670e+00 -1.587671e+00 -1.041115e+01 7.699643e+00 -7.212169e+00 9.301739e-01 -7.570223e+00 -1.647025e+00 -7.586718e+00 1.816038e+00 -5.249372e+00 7.438586e+01 3.553363e-02 9.415346e-02 6.466412e-03 1.750729e-01 -4.479030e-01 3.881624e-01 1.168053e-01 2.983058e-01 -9.248110e-02 2.473715e-01 -4.754067e-02 1.987646e-01 -5.712064e-01 1.693881e-01 -6.470451e-03 4.921134e-02 1.162675e-01 1.748482e-03 -6.848888e-02 -1.296188e-01 4.801053e-02 -1.082707e-02 1.525210e-02 -1.104930e-01 9.422977e-03 -7.056424e-02
<VARIANCE> 39
 5.272739e+01 2.544694e+01 1.346089e+01 3.111392e+01 3.004469e+01 3.632895e+01 2.019856e+01 2.667485e+01 2.351912e+01 2.017461e+01 2.626963e+01 1.758271e+01 5.822098e+01 3.769372e+00 1.548447e+00 1.290046e+00 2.329693e+00 2.354665e+00 1.945631e+00 1.732528e+00 1.634774e+00 1.535973e+00 1.913751e+00 2.327785e+00 1.376699e+00 2.355444e+00 2.509968e-01 2.044458e-01 2.135539e-01 3.315490e-01 3.860476e-01 3.961143e-01 2.661167e-01 2.739896e-01 2.929566e-01 4.014345e-01 3.447372e-01 2.369668e-01 2.273275e-01
<GCONST> 1.068495e+02
<TRANSP> 6
 0.000000e+00 1.000000e+00 0.000000e+00 0.000000e+00 0.000000e+00 0.000000e+00
 0.000000e+00 9.514200e-01 4.857998e-02 0.000000e+00 0.000000e+00 0.000000e+00
 0.000000e+00 0.000000e+00 9.428275e-01 5.717257e-02 0.000000e+00 0.000000e+00
 0.000000e+00 0.000000e+00 0.000000e+00 9.361663e-01 6.383369e-02 0.000000e+00
 0.000000e+00 0.000000e+00 0.000000e+00 0.000000e+00 9.538289e-01 4.617117e-02
 0.000000e+00 0.000000e+00 0.000000e+00 0.000000e+00 0.000000e+00 0.000000e+00
<ENDHMM>
