~o
<STREAMINFO> 1 39
<VECSIZE> 39<NULLD><MFCC_D_A_0><DIAGC>
~h "seven"
<BEGINHMM>
<NUMSTATES> 6
<STATE> 2
<MEAN> 39
 -2.639267e+01 -7.994879e+00 3.044798e+00 -2.050550e+01 1.056334e+01 -1.536578e+01 4.629927e+00 -8.414717e+00 3.885515e+00 -3.612712e+00 1.882721e+00 -4.558662e+00 8.751933e+01 -5.206298e-02 2.462087e-01 4.306559e-02 2.801833e-02 2.651826e-01 -7.992583e-01 -6.455237e-02 -5.365050e-01 -1.731453e-01 -3.843344e-01 6.565283e-02 -1.777596e-01 1.158720e+00 2.492358e-01 1.859155e-01 -1.537381e-01 2.082152e-01 -1.901441e-01 -1.285884e-02 -2.021020e-01 1.873476e-02 -1.722165e-01 -5.017327e-02 -2.305957e-02 6.772460e-02 -1.594101e-01
<VARIANCE> 39
 6.254662e+01 1.777061e+01 1.702248e+01 2.461294e+01 2.788809e+01 3.021969e+01 3.233897e+01 2.028358e+01 1.133277e+01 1.654542e+01 1.265700e+01 1.027875e+01 4.025517e+01 8.328962e+00 2.847657e+00 2.198311e+00 3.315501e+00 2.961896e+00 2.659706e+00 4.484625e+00 3.405862e+00 2.418617e+00 1.946196e+00 1.433771e+00 1.342157e+00 2.887788e+00 6.990290e-01 4.732684e-01 3.855571e-01 4.716985e-01 2.637216e-01 4.751717e-01 4.400927e-01 6.020963e-01 3.553040e-01 3.825009e-01 3.025138e-01 2.930171e-01 2.568522e-01
<GCONST> 1.129616e+02
<STATE> 3
<MEAN> 39
 -6.329969e+00 3.134989e-02 -5.673187e+00 -1.470485e+01 5.887218e-01 -2.330154e+01 -6.410277e+00 -1.555225e+01 -4.157376e+00 -8.617108e+00 1.538016e+00 -2.788845e+00 9.463476e+01 1.179211e+00 1.874737e-01 -8.426078e-01 -2.113330e-01 -4.949476e-01 -5.353518e-01 2.290317e-01 8.509441e-02 -3.389957e-01 -7.886131e-01 2.163109e-01 5.197265e-01 -1.287401e-01 -4.584587e-01 -2.182548e-01 2.759372e-01 -5.962575e-02 4.070082e-01 1.981798e-01 5.580135e-01 1.863796e-01 8.169957e-02 -2.008867e-01 -3.744941e-02 -7.301612e-02 -4.165435e-01
<VARIANCE> 39
 2.634603e+00 5.788829e+00 1.390584e+01 9.005960e+00 8.239829e+00 2.429724e+01 1.149860e+01 2.054316e+01 1.873968e+01 3.741891e+01 1.281905e+01 2.379964e+01 4.996807e+00 1.911707e+00 8.467298e-01 1.293626e+00 8.817991e-01 1.649488e+00 1.738923e+00 2.519711e+00 2.549746e+00 2.883517e+00 4.148241e+00 1.369538e+00 1.963259e+00 1.761753e+00 5.890980e-01 2.626570e-01 1.930913e-01 2.408001e-01 1.251729e-01 4.212445e-01 3.292084e-01 6.916744e-01 8.321982e-01 7.689189e-01 3.000582e-01 3.950957e-01 1.028045e-01
<GCONST> 9.723207e+01
<STATE> 4
<MEAN> 39
 -4.841673e+00 -5.759672e-01 1.059596e-01 -1.408548e+01 7.069995e+00 -2.173783e+01 2.134552e+00 -1.572364e+01 -8.275698e+00 -1.613964e+01 3.900727e+00 -2.839186e+00 8.565958e+01 -8.363460e-02 1.204189e-01 6.183530e-01 3.261175e-01 7.183995e-01 4.195938e-01 1.485983e-01 4.226997e-02 -8.621646e-02 1.846295e-01 1.387754e-01 -4.383795e-02 -6.357168e-01 1.643124e-02 -2.654227e-02 -5.267113e-02 1.275019e-01 -1.413525e-02 7.948022e-02 -1.689152e-01 1.081472e-01 4.838820e-03 1.975329e-01 -1.112699e-01 4.741690e-02 1.680507e-02
<VARIANCE> 39
 1.143079e+01 2.346295e+01 2.500031e+01 2.433958e+01 1.885645e+01 4.303331e+01 2.041697e+01 2.423279e+01 2.397316e+01 4.712441e+01 6.797501e+01 3.137934e+01 3.064316e+01 1.488068e+00 2.180375e+00 1.905324e+00 3.904835e+00 2.145087e+00 5.051099e+00 2.015648e+00 2.251257e+00 2.537559e+00 4.509768e+00 6.017446e+00 4.293211e+00 5.018156e+00 3.617899e-01 4.008302e-01 3.779493e-01 6.249635e-01 3.510745e-01 8.990167e-01 3.819481e-01 4.600918e-01 4.858529e-01 7.429856e-01 9.053136e-01 9.482609e-01 5.941932e-01
<GCONST> 1.211235e+02
<STATE> 5
<MEAN> 39
 -4.729048e+00 8.314877e-01 3.770983e+00 -3.308414e-01 1.058236e+01 -6.600616e+00 -3.804744e+00 -8.684466e+00 -1.012206e+01 -5.309674e+00 -1.036930e+00 -2.945574e+00 6.942731e+01 -4.368933e-01 -3.555146e-01 -3.386438e-01 5.775226e-01 -8.798068e-01 1.091455e+00 -3.185840e-01 5.671591e-01 2.121865e-01 6.984822e-01 -3.683647e-01 -7.669062e-02 -1.082016e+00 -1.197513e-01 -1.449891e-02 -4.015808e-02 -2.162175e-01 -1.593392e-01 -1.233271e-01 1.014136e-01 -7.954109e-02 1.249253e-01 -5.235260e-02 1.941378e-01 -2.464559e-02 9.083769e-02
<VARIANCE> 39
 1.840428e+01 7.053787e+00 8.715793e+00 2.255739e+01 3.193543e+01 4.901768e+01 1.330736e+01 1.825433e+01 3.062537e+01 1.828518e+01 1.945003e+01 1.627699e+01 2.674306e+01 1.715477e+00 7.638004e-01 1.055379e+00 3.219000e+00 1.526862e+00 2.041108e+00 1.687957e+00 1.763859e+00 2.831040e+00 1.187906e+00 2.730198e+00 2.043442e+00 4.892930e-01 2.251404e-01 1.569078e-01 2.219974e-01 4.392194e-01 3.341791e-01 3.720935e-01 3.065484e-01 3.271526e-01 3.799864e-01 2.461471e-01 4.924950e-01 4.045791e-01 1.123264e-01
<GCONST> 9.975864e+01
<TRANSP> 6
 0.000000e+00 1.000000e+00 0.000000e+00 0.000000e+00 0.000000e+00 0.000000e+00
 0.000000e+00 9.492386e-01 5.076138e-02 0.000000e+00 0.000000e+00 0.000000e+00
 0.000000e+00 0.000000e+00 8.820057e-01 1.179943e-01 0.000000e+00 0.000000e+00
 0.000000e+00 0.000000e+00 0.000000e+00 9.486481e-01 5.135194e-02 0.000000e+00
 0.000000e+00 0.000000e+00 0.000000e+00 0.000000e+00 9.326678e-01 6.733225e-02
 0.000000e+00 0.000000e+00 0.000000e+00 0.000000e+00 0.000000e+00 0.000000e+00
<ENDHMM>
