~o
<STREAMINFO> 1 39
<VECSIZE> 39<NULLD><MFCC_D_A_0><DIAGC>
~h "multiply"
<BEGINHMM>
<NUMSTATES> 6
<STATE> 2
<MEAN> 39
 -4.812382e+00 6.821374e+00 -3.145619e+00 -1.469164e+01 -2.160062e+00 -1.554893e+01 1.093486e+01 -8.211165e+00 -2.352964e+01 -1.672382e+01 -4.494468e+00 -8.312742e+00 8.174997e+01 -3.963534e-01 7.351892e-03 -2.632372e-02 -1.851039e-01 -1.812960e-01 -1.948432e-01 6.094939e-02 -3.526647e-01 4.517403e-01 -1.224968e-01 3.977768e-01 -2.928113e-01 7.761928e-01 -3.090272e-01 -2.794066e-01 -7.625171e-02 8.497286e-02 -1.131055e-01 1.510359e-01 -1.436439e-01 3.152445e-02 4.118713e-01 2.937886e-01 2.366779e-01 1.228908e-01 1.595324e-02
<VARIANCE> 39
 1.820417e+01 1.296325e+01 4.712811e+01 2.449994e+01 7.970689e+01 3.188645e+01 4.249847e+01 2.130605e+01 4.991006e+01 2.268270e+01 6.242184e+01 3.373120e+01 5.277358e+01 5.419836e+00 2.684070e+00 3.759464e+00 3.149347e+00 6.903964e+00 5.514515e+00 4.563052e+00 2.727399e+00 1.255658e+01 3.788422e+00 7.233715e+00 3.225372e+00 6.324140e+00 5.845389e-01 6.395711e-01 6.211414e-01 5.247779e-01 9.935262e-01 8.941204e-01 6.267343e-01 5.836684e-01 1.721188e+00 7.030694e-01 1.248115e+00 6.035147e-01 6.572464e-01
<GCONST> 1.339165e+02
<STATE> 3
<MEAN> 39
 -1.209380e+01 -1.724902e+00 -1.263373e+00 -7.744959e+00 -2.791728e-01 -1.601246e+01 -2.102528e+00 -9.361309e+00 -3.917919e+00 -8.017707e+00 7.341797e-01 -3.876582e+00 8.091341e+01 3.201908e-01 -1.786502e-02 -3.163486e-01 -2.283268e-01 -1.264229e-01 -1.436818e-01 9.561944e-03 1.071480e-01 1.378097e-01 -8.289528e-02 1.324462e-01 3.828696e-01 2.177301e-01 1.193070e-01 4.592178e-02 -9.265570e-03 -2.028888e-02 1.073987e-01 -4.018989e-02 6.924777e-02 2.067750e-02 -1.004110e-01 -8.942185e-02 -6.394611e-02 -1.122977e-02 -7.398034e-02
<VARIANCE> 39
 3.155944e+01 5.557557e+01 1.794312e+01 4.494333e+01 3.839752e+01 9.818138e+01 3.382210e+01 2.124688e+01 1.870829e+01 3.931576e+01 3.179033e+01 2.545276e+01 9.712038e+01 2.911906e+00 7.479203e+00 2.219056e+00 2.180144e+00 3.455944e+00 6.817632e+00 2.904988e+00 2.224873e+00 2.930890e+00 5.202073e+00 3.729789e+00 2.042163e+00 6.194758e+00 6.582315e-01 1.308706e+00 4.192443e-01 3.361195e-01 5.550117e-01 1.006081e+00 5.171980e-01 4.445829e-01 8.030893e-01 8.438928e-01 7.472913e-01 4.282318e-01 8.607186e-01
<GCONST> 1.289459e+02
<STATE> 4
<MEAN> 39
 -6.916878e+00 -1.066964e+00 -1.147716e+01 -2.047949e+01 8.555642e+00 -1.337621e+01 9.385574e-01 -1.027521e+01 1.060918e+01 -1.827679e+01 4.254989e+00 1.168694e+00 8.953309e+01 -1.791205e-01 -3.291705e-01 2.432863e-01 3.136829e-01 6.804047e-01 -2.844366e-01 -6.127167e-01 -1.527160e-01 9.000426e-01 7.338846e-02 1.721463e-01 -4.906241e-01 -3.232641e-01 -7.904460e-02 1.017632e-01 2.036808e-01 1.344360e-01 -1.472473e-01 -9.784880e-02 -6.464408e-02 1.661746e-02 -1.473353e-01 2.745850e-02 -5.998265e-02 -6.930833e-02 -7.993780e-02
<VARIANCE> 39
 4.026011e+00 1.230840e+01 1.482847e+01 1.102977e+01 4.121722e+01 2.476930e+01 1.938342e+01 1.804433e+01 4.537131e+01 2.468956e+01 1.499030e+01 3.221237e+01 1.117511e+01 3.115871e-01 7.266678e-01 1.488829e+00 1.276169e+00 1.913397e+00 1.975195e+00 1.013801e+00 1.039783e+00 2.058966e+00 1.735171e+00 1.045417e+00 1.163002e+00 2.691771e-01 5.475225e-02 1.170227e-01 1.409186e-01 1.724503e-01 2.666849e-01 2.170945e-01 1.526199e-01 2.215524e-01 2.308992e-01 2.731043e-01 1.962541e-01 1.957972e-01 4.082750e-02
<GCONST> 8.554829e+01
<STATE> 5
<MEAN> 39
 -1.308399e+01 -8.642665e+00 5.046062e+00 -3.262184e+00 3.055827e+00 -2.415427e+01 -7.681086e+00 7.911808e-01 4.718092e+00 -1.089567e+01 -5.916057e-02 -3.864845e+00 7.431342e+01 -1.443717e-01 -3.383415e-01 2.454044e-01 7.678763e-01 -6.720447e-01 2.654673e-01 1.108950e-01 8.807921e-01 -7.351079e-01 3.610383e-01 -4.443586e-01 2.607789e-01 -1.077977e+00 4.365756e-02 6.413028e-02 -1.163097e-01 -1.206696e-01 5.383832e-02 1.818591e-01 4.579824e-02 -1.004894e-01 -2.454935e-03 -2.693374e-03 -3.965666e-03 1.415416e-02 9.089370e-03
<VARIANCE> 39
 7.198465e+00 3.375659e+01 4.463111e+01 4.527604e+01 7.613221e+01 4.479615e+01 2.063930e+01 9.005700e+01 5.536847e+01 4.066784e+01 3.157100e+01 3.435252e+01 5.690544e+01 8.972831e-01 1.782200e+00 2.443498e+00 1.742867e+00 3.440288e+00 3.752982e+00 1.682303e+00 3.227391e+00 1.997972e+00 3.251769e+00 1.860724e+00 1.503873e+00 4.235609e-01 1.415043e-01 2.138572e-01 1.974990e-01 2.804292e-01 5.375565e-01 4.638430e-01 2.799072e-01 4.579119e-01 3.570062e-01 6.505675e-01 3.653762e-01 2.449421e-01 7.768968e-02
<GCONST> 1.111400e+02
<TRANSP> 6
 0.000000e+00 1.000000e+00 0.000000e+00 0.000000e+00 0.000000e+00 0.000000e+00
 0.000000e+00 9.553596e-01 4.464038e-02 0.000000e+00 0.000000e+00 0.000000e+00
 0.000000e+00 0.000000e+00 9.730895e-01 2.691054e-02 0.000000e+00 0.000000e+00
 0.000000e+00 0.000000e+00 0.000000e+00 9.430330e-01 5.696701e-02 0.000000e+00
 0.000000e+00 0.000000e+00 0.000000e+00 0.000000e+00 9.523459e-01 4.765414e-02
 0.000000e+00 0.000000e+00 0.000000e+00 0.000000e+00 0.000000e+00 0.000000e+00
<ENDHMM>
