~o
<STREAMINFO> 1 39
<VECSIZE> 39<NULLD><MFCC_D_A_0><DIAGC>
~h "four"
<BEGINHMM>
<NUMSTATES> 6
<STATE> 2
<MEAN> 39
 -1.675874e+01 -3.818142e+00 -2.808061e+00 -1.465589e+01 4.292781e+00 -1.260945e+01 6.922805e-01 -5.248861e+00 -3.301616e+00 -6.144433e+00 7.832012e-01 -7.883003e+00 8.130638e+01 7.013907e-01 3.742864e-01 1.948558e-01 -6.376711e-01 -7.924554e-01 -1.041051e+00 -4.193737e-01 -4.524144e-01 -1.408053e-01 -2.290218e-01 -2.249384e-01 -1.602730e-01 1.052541e+00 5.162676e-02 -1.222783e-02 -3.952931e-02 1.159227e-01 -1.265983e-01 7.818897e-02 -1.036542e-01 -4.662977e-02 -5.157766e-03 5.505097e-02 1.130000e-02 1.415113e-01 -4.224135e-02
<VARIANCE> 39
 8.372800e+01 5.135907e+01 3.453108e+01 4.163137e+01 5.840251e+01 5.957381e+01 3.440781e+01 2.143581e+01 2.224957e+01 1.784120e+01 2.511665e+01 1.917188e+01 5.740327e+01 5.534656e+00 4.853919e+00 2.834431e+00 2.535472e+00 3.982798e+00 3.862156e+00 3.621886e+00 2.259000e+00 2.779532e+00 1.914061e+00 2.677368e+00 1.836478e+00 2.274296e+00 5.960342e-01 8.295333e-01 4.366139e-01 4.982778e-01 7.927464e-01 9.173608e-01 6.765527e-01 4.856958e-01 5.840953e-01 3.772873e-01 5.388064e-01 3.452784e-01 2.263645e-01
<GCONST> 1.241263e+02
<STATE> 3
<MEAN> 39
 -3.895760e-01 1.752744e+00 -7.300394e-01 -1.554246e+01 -7.757051e+00 -1.977714e+01 -9.101645e+00 -7.297781e+00 -2.211568e+00 -5.431576e+00 -6.280369e-01 -5.219543e+00 8.921545e+01 8.225729e-02 -4.246097e-01 -5.556707e-01 -4.083389e-02 -3.041242e-02 2.250475e-01 7.356293e-02 4.403725e-01 8.705149e-01 -3.065407e-01 1.541548e-01 2.130542e-01 1.466649e-01 6.057346e-03 6.256287e-02 -3.863918e-02 -1.453945e-01 8.286279e-02 9.266161e-03 1.389102e-01 -5.510811e-03 5.020200e-02 -1.130487e-01 -7.737190e-02 -9.115379e-02 -9.841096e-02
<VARIANCE> 39
 2.336762e+00 2.039228e+01 4.198396e+01 1.519693e+01 1.477677e+01 3.498462e+01 2.535314e+01 4.495284e+01 4.611517e+01 2.501213e+01 1.659116e+01 1.894609e+01 1.028604e+01 1.489029e-01 6.482289e-01 8.593132e-01 1.373477e+00 1.220642e+00 2.075507e+00 2.260912e+00 1.695349e+00 2.271153e+00 2.750037e+00 1.108380e+00 1.221708e+00 3.757699e-01 3.713596e-02 1.139699e-01 1.157633e-01 1.656859e-01 2.245756e-01 3.275493e-01 2.897772e-01 3.140396e-01 3.645190e-01 3.664873e-01 1.802998e-01 2.155724e-01 4.683998e-02
<GCONST> 8.892802e+01
<STATE> 4
<MEAN> 39
 2.517005e+00 2.664035e+00 -1.440109e+01 -1.991333e+01 3.857518e+00 -9.768863e+00 -1.574733e+00 -1.527077e+01 -3.547113e+00 -9.610319e+00 -3.074741e-01 -1.140752e+00 7.820438e+01 -1.644712e-01 -7.378025e-02 -2.948444e-01 3.152099e-01 5.513093e-01 1.208184e+00 8.858684e-02 -7.106694e-01 -1.109210e+00 4.736784e-01 2.299874e-01 2.226855e-01 -1.139442e+00 -9.501832e-02 -1.251698e-01 6.123751e-02 9.600040e-02 -1.116440e-01 3.064189e-02 -5.080739e-02 1.756147e-01 3.696454e-02 2.052376e-01 9.092097e-02 2.191714e-02 -1.356238e-02
<VARIANCE> 39
 2.257684e+01 2.284693e+01 3.179959e+01 3.111551e+01 7.360677e+01 6.532999e+01 2.741998e+01 5.818704e+01 1.283112e+02 3.859269e+01 3.040439e+01 2.127749e+01 5.053860e+01 2.893276e+00 2.084938e+00 3.114257e+00 2.687394e+00 4.965767e+00 2.392578e+00 3.145656e+00 3.923970e+00 3.602313e+00 3.002483e+00 1.724174e+00 1.657287e+00 1.345571e+00 5.036477e-01 2.746069e-01 4.073621e-01 3.904955e-01 7.540048e-01 3.994357e-01 5.977053e-01 4.986387e-01 7.488730e-01 5.752817e-01 3.277212e-01 2.928599e-01 2.447919e-01
<GCONST> 1.213929e+02
<STATE> 5
<MEAN> 39
 -8.491853e+00 -5.545995e+00 -8.955465e+00 -9.238349e+00 1.775136e+00 3.983105e+00 -2.815317e+00 -9.398706e+00 -8.249191e+00 1.083483e+00 4.880155e+00 1.404122e+00 6.369988e+01 -1.041473e+00 -3.644792e-01 8.102559e-01 8.567991e-01 -1.359610e-01 -1.483485e-01 2.283058e-01 1.061686e+00 7.186766e-01 2.471787e-01 -2.011504e-01 8.162653e-02 -6.477246e-01 7.476719e-02 1.734434e-01 9.754928e-02 1.213297e-02 5.086573e-02 -2.267118e-01 5.742995e-04 -1.384012e-01 -5.599891e-02 -1.946215e-01 -1.747610e-01 -7.484942e-02 7.325978e-02
<VARIANCE> 39
 1.531098e+01 7.023728e+00 4.017065e+01 3.047982e+01 1.392442e+01 1.781058e+01 1.397441e+01 2.191597e+01 1.597861e+01 2.534483e+01 3.234017e+01 1.496823e+01 6.298620e+00 2.823481e-01 5.404060e-01 1.200746e+00 1.255444e+00 1.223427e+00 1.381722e+00 1.168804e+00 1.478465e+00 1.339170e+00 2.341539e+00 2.375532e+00 1.220839e+00 1.088343e-01 6.639123e-02 5.963096e-02 1.653053e-01 2.449949e-01 2.628095e-01 2.524996e-01 2.423345e-01 2.950798e-01 1.884451e-01 3.323160e-01 3.121960e-01 1.766025e-01 2.795835e-02
<GCONST> 8.498710e+01
<TRANSP> 6
 0.000000e+00 1.000000e+00 0.000000e+00 0.000000e+00 0.000000e+00 0.000000e+00
 0.000000e+00 9.494834e-01 5.051658e-02 0.000000e+00 0.000000e+00 0.000000e+00
 0.000000e+00 0.000000e+00 9.430697e-01 5.693029e-02 0.000000e+00 0.000000e+00
 0.000000e+00 0.000000e+00 0.000000e+00 9.460815e-01 5.391851e-02 0.000000e+00
 0.000000e+00 0.000000e+00 0.000000e+00 0.000000e+00 9.055940e-01 9.440603e-02
 0.000000e+00 0.000000e+00 0.000000e+00 0.000000e+00 0.000000e+00 0.000000e+00
<ENDHMM>
