~o
<STREAMINFO> 1 39
<VECSIZE> 39<NULLD><MFCC_D_A_0><DIAGC>
~h "two"
<BEGINHMM>
<NUMSTATES> 6
<STATE> 2
<MEAN> 39
 -2.023982e+01 -8.883673e+00 7.730895e-01 -8.156794e+00 2.104110e+00 -1.010748e+01 2.197237e-01 -1.205005e+01 -4.211731e+00 2.949531e-01 4.798719e+00 -7.703284e+00 8.995041e+01 7.405296e-01 6.409326e-01 -3.284457e-01 -2.686359e-01 5.968095e-01 -6.610721e-01 9.076513e-02 -1.084400e+00 -1.186257e+00 -3.518221e-01 -4.721520e-02 1.344034e-01 1.204645e+00 4.084132e-01 4.524815e-01 -5.194157e-02 1.914130e-01 -1.138705e-01 -7.119221e-02 2.854670e-02 7.491257e-02 -3.232207e-01 -3.263706e-01 -4.572278e-01 1.696209e-01 -6.227179e-01
<VARIANCE> 39
 2.312392e+01 1.460952e+01 1.712313e+01 1.010679e+01 2.135968e+01 2.435980e+01 1.570813e+01 2.322055e+01 1.902104e+01 1.706207e+01 2.051067e+01 1.455408e+01 4.724800e+01 3.879311e+00 3.949885e+00 1.781279e+00 1.597993e+00 1.933848e+00 5.232963e+00 1.749052e+00 2.035114e+00 3.797683e+00 3.167930e+00 5.778660e+00 2.240735e+00 1.226238e+01 3.555171e-01 3.610349e-01 3.873724e-01 2.712849e-01 5.474093e-01 1.078306e+00 3.661270e-01 3.808931e-01 5.135011e-01 5.112372e-01 5.970215e-01 3.757527e-01 1.679263e+00
<GCONST> 1.159414e+02
<STATE> 3
<MEAN> 39
 -7.195091e+00 5.078852e+00 3.042291e-01 -1.039767e+01 -3.248322e+00 -2.004851e+01 3.893343e+00 -1.580695e+01 -1.819070e+01 -1.090052e+01 -7.318520e+00 -5.068502e+00 9.086634e+01 4.275328e-01 6.166017e-01 4.501275e-01 -5.756586e-01 -5.071135e-01 -1.986703e-01 6.085790e-01 5.149000e-01 -1.373422e-01 -9.396142e-01 -5.890430e-01 -1.950817e-01 -3.234333e-03 -1.546172e-01 -1.756656e-01 1.444398e-01 -1.857474e-01 1.138820e-01 7.989954e-02 1.312935e-01 1.237156e-01 2.951565e-01 -4.633455e-03 2.364331e-01 -8.238410e-02 -1.461778e-01
<VARIANCE> 39
 4.120802e+00 1.318818e+01 1.350115e+01 1.587319e+01 2.040023e+01 4.317028e+01 4.948705e+01 2.976764e+01 2.835954e+01 3.086867e+01 1.586073e+01 2.069828e+01 1.047969e+01 8.400581e-01 1.351490e+00 1.379632e+00 1.939300e+00 2.114987e+00 5.514296e+00 4.577371e+00 3.183077e+00 3.859951e+00 2.841276e+00 2.076553e+00 1.573175e+00 1.286963e+00 1.517831e-01 2.647644e-01 2.558644e-01 4.386319e-01 3.018937e-01 1.126479e+00 8.459998e-01 6.550543e-01 5.893438e-01 5.566546e-01 4.508014e-01 3.039149e-01 2.079675e-01
<GCONST> 1.083683e+02
<STATE> 4
<MEAN> 39
 -7.161014e+00 8.888652e+00 6.963321e+00 -1.838513e+01 6.284139e-02 -1.843998e+01 8.681060e+00 -5.470776e+00 -1.140690e+01 -1.435987e+01 -9.646880e+00 -8.910988e+00 7.827413e+01 -1.963466e-02 -4.342403e-01 -3.501760e-01 -4.140987e-02 9.674285e-02 9.867447e-01 -6.665608e-01 7.846737e-01 6.351386e-01 9.329663e-01 3.330927e-01 2.268934e-01 -1.468799e+00 -2.576957e-02 -1.413310e-01 -2.178687e-01 3.445317e-01 -1.122438e-01 2.799161e-01 -2.660685e-01 1.734389e-02 7.989838e-02 2.664401e-01 1.073595e-01 1.871861e-01 -5.897394e-03
<VARIANCE> 39
 8.229135e+00 3.392661e+01 2.426472e+01 2.871978e+01 3.035421e+01 5.424187e+01 5.204385e+01 2.074312e+01 1.822967e+01 7.517929e+01 2.395238e+01 3.460416e+01 4.658538e+01 1.155318e+00 4.446318e+00 4.402777e+00 5.147283e+00 4.165368e+00 7.243460e+00 5.918347e+00 2.177095e+00 1.973816e+00 5.823028e+00 2.513304e+00 4.270525e+00 1.720160e+00 2.354350e-01 7.854559e-01 8.219665e-01 1.146300e+00 6.532288e-01 1.089303e+00 1.120585e+00 4.813245e-01 3.416663e-01 1.042950e+00 3.688096e-01 7.130282e-01 3.725526e-01
<GCONST> 1.260484e+02
<STATE> 5
<MEAN> 39
 -6.321640e+00 2.668431e+00 2.946352e+00 -3.741462e+00 -1.819628e+00 -1.827134e+00 4.649186e-01 4.899669e-01 -2.894840e+00 -2.680461e+00 -3.181463e+00 -2.939409e+00 6.477318e+01 -4.287759e-01 -2.150908e-01 3.408079e-01 1.723301e+00 4.594173e-01 7.183411e-01 -1.203431e-01 -8.075784e-02 4.867778e-01 3.058791e-01 2.432060e-01 1.420819e-01 -7.172717e-01 -8.262994e-02 5.303781e-02 8.724791e-02 -1.956241e-01 2.101804e-01 -2.241531e-01 8.606460e-02 -1.103810e-01 -1.269108e-01 -1.109530e-01 -9.841618e-02 -1.042996e-01 9.763710e-02
<VARIANCE> 39
 1.130610e+01 1.645037e+01 2.730281e+01 5.018046e+01 2.228244e+01 1.518044e+01 1.297452e+01 1.455629e+01 1.033499e+01 8.839071e+00 9.947615e+00 8.120909e+00 5.260343e+00 1.091093e+00 1.248131e+00 1.900965e+00 3.899276e+00 2.185523e+00 1.382907e+00 1.304784e+00 1.720819e+00 1.253464e+00 1.288468e+00 1.297738e+00 1.002739e+00 8.711354e-01 1.748442e-01 2.934546e-01 4.527201e-01 5.242196e-01 5.151099e-01 3.577131e-01 2.938740e-01 3.745199e-01 2.709390e-01 3.005987e-01 3.271494e-01 2.647571e-01 1.610166e-01
<GCONST> 9.550198e+01
<TRANSP> 6
 0.000000e+00 1.000000e+00 0.000000e+00 0.000000e+00 0.000000e+00 0.000000e+00
 0.000000e+00 8.946601e-01 1.053400e-01 0.000000e+00 0.000000e+00 0.000000e+00
 0.000000e+00 0.000000e+00 9.277971e-01 7.220288e-02 0.000000e+00 0.000000e+00
 0.000000e+00 0.000000e+00 0.000000e+00 9.240647e-01 7.593531e-02 0.000000e+00
 0.000000e+00 0.000000e+00 0.000000e+00 0.000000e+00 8.967794e-01 1.032207e-01
 0.000000e+00 0.000000e+00 0.000000e+00 0.000000e+00 0.000000e+00 0.000000e+00
<ENDHMM>
