~o
<STREAMINFO> 1 39
<VECSIZE> 39<NULLD><MFCC_D_A_0><DIAGC>
~h "zero"
<BEGINHMM>
<NUMSTATES> 6
<STATE> 2
<MEAN> 39
 -2.529520e+01 -8.346472e+00 1.008022e+01 -1.912665e+01 1.164053e+01 -1.575020e+01 -4.541366e-01 -1.197488e+01 2.034105e+00 -8.311658e+00 1.089989e-01 -8.781842e+00 8.148459e+01 1.378750e+00 2.067528e-01 3.207077e-01 8.040588e-01 1.155274e-01 -1.739843e+00 -9.953029e-01 -9.881213e-01 -9.276859e-01 -6.226981e-01 -6.400665e-01 -7.560548e-01 1.600615e+00 5.397058e-01 1.673356e-01 -2.959971e-01 4.945308e-01 -3.906096e-01 -6.187842e-02 -2.256080e-01 1.311513e-01 -3.310489e-01 6.629953e-02 -1.521280e-01 1.465212e-01 -2.905213e-01
<VARIANCE> 39
 8.403347e+01 3.503652e+01 3.451481e+01 4.573656e+01 2.005369e+01 3.179921e+01 4.576775e+01 2.452394e+01 3.466711e+01 2.087222e+01 3.875244e+01 2.316429e+01 2.588650e+01 1.071026e+01 6.299183e+00 4.949516e+00 8.266322e+00 3.907965e+00 5.163293e+00 4.184435e+00 2.638008e+00 4.657602e+00 2.444236e+00 5.111803e+00 2.773636e+00 2.810968e+00 1.210645e+00 1.012590e+00 1.367088e+00 1.160814e+00 7.384732e-01 8.975669e-01 7.656049e-01 5.610409e-01 6.532131e-01 5.764912e-01 8.109767e-01 5.685854e-01 2.477116e-01
<GCONST> 1.328574e+02
<STATE> 3
<MEAN> 39
 -4.155924e+00 -2.651840e+00 4.155875e+00 -7.060593e+00 7.258703e+00 -3.373102e+01 -6.246820e+00 -1.987040e+01 -8.245003e+00 -1.073237e+01 -5.631819e+00 -1.085962e+01 8.655994e+01 5.855485e-01 1.521182e-01 -1.472860e+00 -2.021739e-01 2.817335e-01 -1.813459e-01 4.200757e-01 -2.830918e-01 -5.655620e-02 2.794204e-01 3.347419e-01 1.197502e-01 -1.514724e-01 -8.322140e-02 2.189257e-02 -2.923603e-02 -2.107165e-01 1.821184e-01 3.257391e-01 -1.209896e-02 5.092232e-02 7.484150e-02 -2.475061e-02 4.821720e-02 -2.173046e-02 -7.779750e-02
<VARIANCE> 39
 9.812883e+00 5.446733e+00 6.322222e+01 1.127600e+01 1.113210e+01 1.372925e+01 2.735124e+01 1.649212e+01 1.779311e+01 1.802212e+01 1.466705e+01 1.455297e+01 2.730784e+00 1.568774e-01 7.963828e-01 1.381303e+00 9.850339e-01 1.308245e+00 2.004689e+00 1.485434e+00 1.012592e+00 9.982893e-01 1.362528e+00 7.543906e-01 8.630995e-01 2.221885e-01 9.099863e-02 1.418283e-01 2.017951e-01 2.184376e-01 1.113813e-01 2.470555e-01 3.043921e-01 2.218511e-01 2.459726e-01 2.307350e-01 1.519225e-01 1.446647e-01 1.169778e-02
<GCONST> 7.858436e+01
<STATE> 4
<MEAN> 39
 3.161753e+00 4.676823e+00 -9.611680e+00 -2.149838e+01 1.556668e+01 -2.234529e+01 -4.650335e+00 -1.219421e+01 -9.784031e+00 -1.281685e+01 -9.709488e-01 -1.516948e+00 8.077876e+01 7.374439e-02 1.204843e-01 4.674999e-01 -6.019207e-01 -8.365917e-01 5.509579e-01 2.190875e-01 1.080236e+00 2.369141e-01 -7.795467e-01 -9.870696e-02 6.539614e-01 -2.871218e-01 -3.534866e-02 -3.088218e-02 1.194816e-01 1.242628e-01 -2.312601e-01 -5.066348e-02 6.865545e-02 3.482293e-02 1.746598e-02 6.853261e-03 -6.850115e-02 -7.637647e-02 -2.628234e-02
<VARIANCE> 39
 3.319815e+00 9.211514e+00 1.200589e+01 2.733944e+01 6.663534e+01 2.021176e+01 3.514773e+01 7.491881e+01 2.955414e+01 3.890540e+01 2.969557e+01 4.305286e+01 3.884166e+00 1.815486e-01 8.978744e-01 6.300477e-01 1.542841e+00 4.383517e+00 1.524274e+00 3.276537e+00 2.469406e+00 1.358440e+00 1.584008e+00 2.460072e+00 1.337876e+00 3.363257e-01 2.107044e-02 1.017443e-01 7.920022e-02 1.416351e-01 2.638646e-01 2.297040e-01 5.806937e-01 4.430581e-01 1.836231e-01 2.878736e-01 4.353950e-01 2.534983e-01 3.648161e-02
<GCONST> 9.129492e+01
<STATE> 5
<MEAN> 39
 -1.663463e+00 3.493530e+00 -1.498414e+00 -1.554346e+01 -9.838893e+00 -9.860194e+00 2.032275e+00 1.977801e+00 -5.238601e+00 -1.346459e+01 -8.275866e+00 -4.437144e+00 6.900984e+01 -6.725537e-01 -3.285733e-01 -9.850112e-02 7.007045e-01 -2.786154e-01 8.969733e-01 -1.014114e-02 2.666929e-01 2.135753e-01 1.160082e+00 1.581022e-02 -3.730603e-01 -8.378941e-01 -3.433401e-02 -5.681903e-02 -4.991515e-02 2.592263e-02 1.951301e-01 -4.020770e-02 -5.115544e-02 -1.158706e-01 5.479243e-03 5.951836e-02 6.823081e-02 8.128188e-02 3.562123e-02
<VARIANCE> 39
 2.059096e+01 2.213259e+01 1.758270e+01 2.057313e+01 1.588996e+01 5.537219e+01 2.317318e+01 2.224641e+01 1.965653e+01 6.666421e+01 2.194905e+01 2.107411e+01 2.097079e+01 6.371355e-01 1.323962e+00 1.089467e+00 1.130477e+00 2.084628e+00 1.906677e+00 1.451728e+00 1.885162e+00 2.177414e+00 1.657564e+00 2.351198e+00 1.983774e+00 2.185016e-01 8.812281e-02 1.463922e-01 1.310147e-01 2.015852e-01 2.512902e-01 3.277819e-01 2.669194e-01 3.898519e-01 4.401141e-01 2.861966e-01 3.586857e-01 2.571903e-01 3.135152e-02
<GCONST> 9.613890e+01
<TRANSP> 6
 0.000000e+00 1.000000e+00 0.000000e+00 0.000000e+00 0.000000e+00 0.000000e+00
 0.000000e+00 9.114150e-01 8.858501e-02 0.000000e+00 0.000000e+00 0.000000e+00
 0.000000e+00 0.000000e+00 9.378527e-01 6.214730e-02 0.000000e+00 0.000000e+00
 0.000000e+00 0.000000e+00 0.000000e+00 9.487523e-01 5.124766e-02 0.000000e+00
 0.000000e+00 0.000000e+00 0.000000e+00 0.000000e+00 9.441580e-01 5.584208e-02
 0.000000e+00 0.000000e+00 0.000000e+00 0.000000e+00 0.000000e+00 0.000000e+00
<ENDHMM>
