~o
<STREAMINFO> 1 39
<VECSIZE> 39<NULLD><MFCC_D_A_0><DIAGC>
~h "four"
<BEGINHMM>
<NUMSTATES> 6
<STATE> 2
<MEAN> 39
 -1.690208e+01 -3.888859e+00 -2.831300e+00 -1.466599e+01 4.361913e+00 -1.250538e+01 7.533201e-01 -5.142307e+00 -3.277601e+00 -6.169672e+00 8.387192e-01 -7.918780e+00 8.124345e+01 7.065516e-01 3.904659e-01 2.100100e-01 -6.532049e-01 -7.994955e-01 -1.078138e+00 -4.163519e-01 -4.487395e-01 -1.298316e-01 -2.338810e-01 -2.425792e-01 -1.845802e-01 1.048278e+00 5.994904e-02 -5.968070e-03 -3.655787e-02 1.194908e-01 -1.300189e-01 6.736672e-02 -1.124071e-01 -5.556452e-02 -6.518420e-03 6.148775e-02 4.613214e-03 1.425085e-01 -4.032234e-02
<VARIANCE> 39
 8.207399e+01 5.114632e+01 3.469347e+01 4.194031e+01 5.829333e+01 5.847191e+01 3.382377e+01 2.015542e+01 2.233170e+01 1.782079e+01 2.494147e+01 1.903907e+01 5.741392e+01 5.578541e+00 4.856325e+00 2.821821e+00 2.526108e+00 4.010367e+00 3.712274e+00 3.641019e+00 2.262773e+00 2.785714e+00 1.923270e+00 2.663937e+00 1.781446e+00 2.287486e+00 5.926130e-01 8.318542e-01 4.389172e-01 5.003174e-01 7.972881e-01 9.099925e-01 6.666951e-01 4.778287e-01 5.877302e-01 3.746200e-01 5.380368e-01 3.476133e-01 2.278651e-01
<GCONST> 1.239397e+02
<STATE> 3
<MEAN> 39
 -3.883420e-01 1.748609e+00 -7.769021e-01 -1.551675e+01 -7.707549e+00 -1.980567e+01 -9.058864e+00 -7.334880e+00 -2.181902e+00 -5.437595e+00 -7.022036e-01 -5.202161e+00 8.922533e+01 8.604809e-02 -4.238370e-01 -5.600212e-01 -3.949745e-02 -3.408081e-02 2.470170e-01 9.289861e-02 4.300712e-01 8.179688e-01 -3.095790e-01 1.750896e-01 2.340534e-01 1.496967e-01 1.470958e-03 6.013468e-02 -4.842398e-02 -1.550190e-01 9.597840e-02 2.561794e-02 1.492520e-01 -7.810213e-03 4.423442e-02 -1.116624e-01 -6.744685e-02 -8.752789e-02 -1.028136e-01
<VARIANCE> 39
 2.324351e+00 2.031093e+01 4.174618e+01 1.503718e+01 1.492368e+01 3.514646e+01 2.559535e+01 4.577689e+01 4.617789e+01 2.484808e+01 1.667630e+01 1.885940e+01 1.021863e+01 1.502726e-01 6.743745e-01 8.690920e-01 1.381175e+00 1.207908e+00 2.157730e+00 2.322869e+00 1.705255e+00 2.429631e+00 2.727011e+00 1.125163e+00 1.263425e+00 4.057305e-01 4.752861e-02 1.231536e-01 1.202448e-01 1.729087e-01 2.373989e-01 3.418390e-01 3.035492e-01 3.379764e-01 3.653860e-01 3.698133e-01 1.865144e-01 2.138538e-01 4.843219e-02
<GCONST> 8.993832e+01
<STATE> 4
<MEAN> 39
 2.542653e+00 2.700161e+00 -1.447210e+01 -1.995988e+01 3.951833e+00 -9.696955e+00 -1.523672e+00 -1.539940e+01 -3.622974e+00 -9.621425e+00 -2.777148e-01 -1.108482e+00 7.809203e+01 -1.699508e-01 -8.108885e-02 -2.974396e-01 3.280303e-01 5.606122e-01 1.223173e+00 6.204415e-02 -7.233443e-01 -1.097003e+00 4.895483e-01 2.252857e-01 2.250264e-01 -1.140775e+00 -9.994604e-02 -1.319157e-01 6.851725e-02 1.061782e-01 -1.245263e-01 2.712525e-02 -5.558387e-02 1.886154e-01 4.357333e-02 2.014313e-01 9.076399e-02 2.050832e-02 -1.010682e-02
<VARIANCE> 39
 2.268195e+01 2.285293e+01 3.137113e+01 3.111312e+01 7.309798e+01 6.515757e+01 2.725243e+01 5.670222e+01 1.285343e+02 3.885941e+01 3.053900e+01 2.127309e+01 4.944370e+01 2.913696e+00 2.093154e+00 3.139526e+00 2.687628e+00 4.994018e+00 2.382959e+00 3.090723e+00 3.931505e+00 3.571540e+00 2.991494e+00 1.728546e+00 1.665288e+00 1.355581e+00 5.046519e-01 2.699701e-01 4.046022e-01 3.805031e-01 7.405317e-01 4.008768e-01 5.953825e-01 4.814938e-01 7.495916e-01 5.781196e-01 3.286348e-01 2.944221e-01 2.442537e-01
<GCONST> 1.212518e+02
<STATE> 5
<MEAN> 39
 -8.491961e+00 -5.545142e+00 -8.953547e+00 -9.237348e+00 1.774858e+00 3.981810e+00 -2.816283e+00 -9.399894e+00 -8.250896e+00 1.082074e+00 4.877704e+00 1.403015e+00 6.369969e+01 -1.041543e+00 -3.646352e-01 8.101708e-01 8.569461e-01 -1.361545e-01 -1.479432e-01 2.283320e-01 1.061934e+00 7.189152e-01 2.470463e-01 -2.006421e-01 8.123250e-02 -6.478333e-01 7.482616e-02 1.735426e-01 9.748261e-02 1.208065e-02 5.099897e-02 -2.267102e-01 7.550170e-04 -1.383684e-01 -5.597412e-02 -1.946190e-01 -1.748246e-01 -7.485193e-02 7.333798e-02
<VARIANCE> 39
 1.530802e+01 7.027404e+00 4.016765e+01 3.047178e+01 1.392371e+01 1.782020e+01 1.397574e+01 2.192071e+01 1.599197e+01 2.535693e+01 3.236343e+01 1.496976e+01 6.296773e+00 2.822209e-01 5.404977e-01 1.200600e+00 1.255275e+00 1.223541e+00 1.382719e+00 1.168496e+00 1.478703e+00 1.339270e+00 2.340519e+00 2.377045e+00 1.221696e+00 1.088945e-01 6.637903e-02 5.967777e-02 1.653007e-01 2.449574e-01 2.628732e-01 2.524564e-01 2.424787e-01 2.950396e-01 1.884223e-01 3.322848e-01 3.121721e-01 1.765392e-01 2.798190e-02
<GCONST> 8.499258e+01
<TRANSP> 6
 0.000000e+00 1.000000e+00 0.000000e+00 0.000000e+00 0.000000e+00 0.000000e+00
 0.000000e+00 9.490418e-01 5.095816e-02 0.000000e+00 0.000000e+00 0.000000e+00
 0.000000e+00 0.000000e+00 9.441333e-01 5.586667e-02 0.000000e+00 0.000000e+00
 0.000000e+00 0.000000e+00 0.000000e+00 9.456002e-01 5.439990e-02 0.000000e+00
 0.000000e+00 0.000000e+00 0.000000e+00 0.000000e+00 9.056049e-01 9.439509e-02
 0.000000e+00 0.000000e+00 0.000000e+00 0.000000e+00 0.000000e+00 0.000000e+00
<ENDHMM>
