~o
<STREAMINFO> 1 39
<VECSIZE> 39<NULLD><MFCC_D_A_0><DIAGC>
~h "one"
<BEGINHMM>
<NUMSTATES> 6
<STATE> 2
<MEAN> 39
 0.000000e+00 0.000000e+00 0.000000e+00 0.000000e+00 0.000000e+00 0.000000e+00 0.000000e+00 0.000000e+00 0.000000e+00 0.000000e+00 0.000000e+00 0.000000e+00 0.000000e+00 0.000000e+00 0.000000e+00 0.000000e+00 0.000000e+00 0.000000e+00 0.000000e+00 0.000000e+00 0.000000e+00 0.000000e+00 0.000000e+00 0.000000e+00 0.000000e+00 0.000000e+00 0.000000e+00 0.000000e+00 0.000000e+00 0.000000e+00 0.000000e+00 0.000000e+00 0.000000e+00 0.000000e+00 0.000000e+00 0.000000e+00 0.000000e+00 0.000000e+00 0.000000e+00
<VARIANCE> 39
 4.804382e+01 2.298027e+01 3.361274e+01 4.867402e+01 3.813715e+01 8.417390e+01 2.711892e+01 3.490488e+01 3.506668e+01 3.848751e+01 2.607115e+01 1.961519e+01 1.546591e+02 1.295418e+00 1.227872e+00 1.389977e+00 1.550199e+00 1.759068e+00 2.343558e+00 1.679331e+00 1.638685e+00 1.884563e+00 1.868641e+00 1.713731e+00 1.310589e+00 1.981411e+00 1.861782e-01 2.148841e-01 2.186738e-01 2.604968e-01 2.973770e-01 3.820596e-01 3.069751e-01 2.993970e-01 3.402406e-01 3.422387e-01 3.131763e-01 2.439639e-01 2.458742e-01
<GCONST> 1.091383e+02
<STATE> 3
<MEAN> 39
 0.000000e+00 0.000000e+00 0.000000e+00 0.000000e+00 0.000000e+00 0.000000e+00 0.000000e+00 0.000000e+00 0.000000e+00 0.000000e+00 0.000000e+00 0.000000e+00 0.000000e+00 0.000000e+00 0.000000e+00 0.000000e+00 0.000000e+00 0.000000e+00 0.000000e+00 0.000000e+00 0.000000e+00 0.000000e+00 0.000000e+00 0.000000e+00 0.000000e+00 0.000000e+00 0.000000e+00 0.000000e+00 0.000000e+00 0.000000e+00 0.000000e+00 0.000000e+00 0.000000e+00 0.000000e+00 0.000000e+00 0.000000e+00 0.000000e+00 0.000000e+00 0.000000e+00
<VARIANCE> 39
 4.804382e+01 2.298027e+01 3.361274e+01 4.867402e+01 3.813715e+01 8.417390e+01 2.711892e+01 3.490488e+01 3.506668e+01 3.848751e+01 2.607115e+01 1.961519e+01 1.546591e+02 1.295418e+00 1.227872e+00 1.389977e+00 1.550199e+00 1.759068e+00 2.343558e+00 1.679331e+00 1.638685e+00 1.884563e+00 1.868641e+00 1.713731e+00 1.310589e+00 1.981411e+00 1.861782e-01 2.148841e-01 2.186738e-01 2.604968e-01 2.973770e-01 3.820596e-01 3.069751e-01 2.993970e-01 3.402406e-01 3.422387e-01 3.131763e-01 2.439639e-01 2.458742e-01
<GCONST> 1.091383e+02
<STATE> 4
<MEAN> 39
 0.000000e+00 0.000000e+00 0.000000e+00 0.000000e+00 0.000000e+00 0.000000e+00 0.000000e+00 0.000000e+00 0.000000e+00 0.000000e+00 0.000000e+00 0.000000e+00 0.000000e+00 0.000000e+00 0.000000e+00 0.000000e+00 0.000000e+00 0.000000e+00 0.000000e+00 0.000000e+00 0.000000e+00 0.000000e+00 0.000000e+00 0.000000e+00 0.000000e+00 0.000000e+00 0.000000e+00 0.000000e+00 0.000000e+00 0.000000e+00 0.000000e+00 0.000000e+00 0.000000e+00 0.000000e+00 0.000000e+00 0.000000e+00 0.000000e+00 0.000000e+00 0.000000e+00
<VARIANCE> 39
 4.804382e+01 2.298027e+01 3.361274e+01 4.867402e+01 3.813715e+01 8.417390e+01 2.711892e+01 3.490488e+01 3.506668e+01 3.848751e+01 2.607115e+01 1.961519e+01 1.546591e+02 1.295418e+00 1.227872e+00 1.389977e+00 1.550199e+00 1.759068e+00 2.343558e+00 1.679331e+00 1.638685e+00 1.884563e+00 1.868641e+00 1.713731e+00 1.310589e+00 1.981411e+00 1.861782e-01 2.148841e-01 2.186738e-01 2.604968e-01 2.973770e-01 3.820596e-01 3.069751e-01 2.993970e-01 3.402406e-01 3.422387e-01 3.131763e-01 2.439639e-01 2.458742e-01
<GCONST> 1.091383e+02
<STATE> 5
<MEAN> 39
 0.000000e+00 0.000000e+00 0.000000e+00 0.000000e+00 0.000000e+00 0.000000e+00 0.000000e+00 0.000000e+00 0.000000e+00 0.000000e+00 0.000000e+00 0.000000e+00 0.000000e+00 0.000000e+00 0.000000e+00 0.000000e+00 0.000000e+00 0.000000e+00 0.000000e+00 0.000000e+00 0.000000e+00 0.000000e+00 0.000000e+00 0.000000e+00 0.000000e+00 0.000000e+00 0.000000e+00 0.000000e+00 0.000000e+00 0.000000e+00 0.000000e+00 0.000000e+00 0.000000e+00 0.000000e+00 0.000000e+00 0.000000e+00 0.000000e+00 0.000000e+00 0.000000e+00
<VARIANCE> 39
 4.804382e+01 2.298027e+01 3.361274e+01 4.867402e+01 3.813715e+01 8.417390e+01 2.711892e+01 3.490488e+01 3.506668e+01 3.848751e+01 2.607115e+01 1.961519e+01 1.546591e+02 1.295418e+00 1.227872e+00 1.389977e+00 1.550199e+00 1.759068e+00 2.343558e+00 1.679331e+00 1.638685e+00 1.884563e+00 1.868641e+00 1.713731e+00 1.310589e+00 1.981411e+00 1.861782e-01 2.148841e-01 2.186738e-01 2.604968e-01 2.973770e-01 3.820596e-01 3.069751e-01 2.993970e-01 3.402406e-01 3.422387e-01 3.131763e-01 2.439639e-01 2.458742e-01
<GCONST> 1.091383e+02
<TRANSP> 6
 0.000000e+00 5.000000e-01 5.000000e-01 0.000000e+00 0.000000e+00 0.000000e+00
 0.000000e+00 4.000000e-01 3.000000e-01 3.000000e-01 0.000000e+00 0.000000e+00
 0.000000e+00 0.000000e+00 4.000000e-01 3.000000e-01 3.000000e-01 0.000000e+00
 0.000000e+00 0.000000e+00 0.000000e+00 4.000000e-01 3.000000e-01 3.000000e-01
 0.000000e+00 0.000000e+00 0.000000e+00 0.000000e+00 5.000000e-01 5.000000e-01
 0.000000e+00 0.000000e+00 0.000000e+00 0.000000e+00 0.000000e+00 0.000000e+00
<ENDHMM>
