~o
<STREAMINFO> 1 39
<VECSIZE> 39<NULLD><MFCC_D_A_0><DIAGC>
~h "sil"
<BEGINHMM>
<NUMSTATES> 6
<STATE> 2
<MEAN> 39
 -1.558955e+01 -3.384743e+00 -4.509474e-01 -4.583924e+00 1.939534e+00 -3.063193e+00 -2.112134e+00 -3.654634e+00 -3.734647e+00 -2.724195e+00 -6.046123e-02 -1.837469e+00 6.193975e+01 2.888132e-02 -4.307826e-03 -7.671073e-02 9.907497e-02 -1.109435e-01 1.220435e-01 -1.894852e-02 -5.396263e-03 3.844547e-02 -4.480714e-02 -7.180305e-02 -3.128195e-02 -9.186598e-02 1.657027e-02 -6.557462e-03 4.627655e-03 2.256944e-02 -3.601857e-02 -2.707340e-02 -2.744064e-03 -1.743496e-02 3.704318e-02 -4.428508e-03 5.729806e-03 -1.198924e-02 2.856717e-02
<VARIANCE> 39
 2.263366e+01 2.433072e+01 3.644938e+01 4.175531e+01 2.544650e+01 3.075193e+01 2.353632e+01 3.408669e+01 2.444519e+01 2.036874e+01 2.330855e+01 2.011578e+01 1.684874e+01 1.253805e+00 1.328822e+00 1.642310e+00 2.032830e+00 2.148348e+00 2.224840e+00 2.160823e+00 2.202919e+00 2.124588e+00 2.001510e+00 1.599073e+00 1.531711e+00 1.695534e+00 2.225684e-01 2.330557e-01 2.953311e-01 3.431459e-01 4.018582e-01 3.937942e-01 4.143829e-01 4.082865e-01 4.179979e-01 3.912030e-01 3.039660e-01 2.944189e-01 3.212664e-01
<GCONST> 1.073346e+02
<STATE> 3
<MEAN> 39
 -1.551853e+01 -2.474371e+00 -1.245170e+00 -3.222738e+00 -4.563966e-01 -3.540793e+00 -2.004264e+00 -3.049877e+00 -2.188889e+00 -2.761011e+00 -1.325272e+00 -2.205287e+00 5.995487e+01 2.769998e-02 -3.524018e-02 3.560483e-03 2.487082e-02 -2.581470e-02 -1.851644e-03 2.786919e-02 -1.030031e-02 3.314141e-02 -2.703707e-02 -8.837494e-03 -1.955115e-02 5.101668e-02 1.492136e-03 -2.330551e-03 9.599277e-03 -1.439416e-02 9.013933e-03 -3.572836e-03 -8.455992e-03 6.081935e-05 -1.327546e-02 6.614266e-03 4.410740e-03 2.071634e-03 1.092268e-02
<VARIANCE> 39
 5.861329e+00 4.565367e+00 7.222569e+00 1.011177e+01 8.873435e+00 1.080636e+01 1.025309e+01 1.277625e+01 1.090315e+01 1.074957e+01 1.072999e+01 9.508251e+00 3.735294e+00 1.699406e-01 2.227053e-01 3.908577e-01 6.102599e-01 8.154952e-01 9.132962e-01 1.044300e+00 1.086109e+00 1.146044e+00 1.083750e+00 1.051072e+00 9.085426e-01 8.218540e-02 3.327877e-02 4.536147e-02 8.114061e-02 1.201487e-01 1.622009e-01 1.872578e-01 2.195200e-01 2.213726e-01 2.343124e-01 2.268741e-01 2.209537e-01 1.882335e-01 1.326618e-02
<GCONST> 6.411413e+01
<STATE> 4
<MEAN> 39
 -1.427738e+01 -4.354651e+00 -1.122149e+00 -2.802496e+00 -2.313207e+00 -2.472754e+00 -3.123582e+00 -1.721806e+00 -3.032231e+00 -1.951374e+00 -2.399529e+00 -1.561986e+00 5.905267e+01 -3.833073e-03 3.003230e-03 -8.534836e-03 1.096168e-02 -2.143060e-02 2.230742e-02 -2.490990e-02 9.168455e-03 -4.457768e-03 2.130338e-02 4.783375e-04 9.874341e-03 -3.822403e-02 6.271700e-04 3.626744e-03 4.543003e-03 -2.593253e-03 9.415710e-03 -3.728272e-03 6.212226e-03 5.681146e-03 -1.086501e-03 2.100741e-04 2.800098e-04 1.014936e-03 5.095059e-03
<VARIANCE> 39
 1.933813e+00 2.325397e+00 2.866586e+00 4.735198e+00 5.257751e+00 6.305022e+00 7.062195e+00 7.681452e+00 7.845311e+00 7.720924e+00 7.167874e+00 6.599419e+00 1.546591e+00 6.302015e-02 1.302802e-01 2.304582e-01 3.468064e-01 4.641993e-01 5.796522e-01 6.737819e-01 7.533810e-01 7.772086e-01 7.973414e-01 7.348880e-01 6.354271e-01 1.981411e-02 1.290675e-02 2.695984e-02 4.831470e-02 7.134812e-02 9.569293e-02 1.197986e-01 1.388996e-01 1.554145e-01 1.603611e-01 1.650002e-01 1.531108e-01 1.275784e-01 3.917571e-03
<GCONST> 4.215076e+01
<STATE> 5
<MEAN> 39
 -1.531949e+01 -2.431556e+00 5.527487e-01 -4.626151e+00 1.996946e+00 -4.203127e+00 -9.612595e-01 -3.430346e+00 -2.725898e+00 -2.944762e+00 -1.225632e+00 -2.755069e+00 6.397208e+01 5.368199e-02 4.225764e-02 3.556126e-01 -5.525126e-01 5.143097e-01 -6.036780e-01 1.662463e-01 -3.873751e-01 -1.634259e-01 -1.840493e-01 6.336566e-03 -2.492667e-01 1.232102e+00 1.682502e-02 6.554390e-03 3.717459e-02 -9.639288e-02 3.711390e-02 -1.614074e-01 2.389264e-03 -1.161159e-01 -2.902867e-02 -1.187455e-01 2.030606e-02 -6.763549e-02 3.079481e-01
<VARIANCE> 39
 2.235418e+01 2.793559e+01 2.604012e+01 4.178502e+01 2.800190e+01 4.041323e+01 2.279035e+01 2.829686e+01 2.528383e+01 2.029514e+01 2.167412e+01 1.535671e+01 4.221703e+01 2.709924e+00 3.188222e+00 2.734262e+00 3.610142e+00 3.108350e+00 4.412118e+00 2.434067e+00 2.645664e+00 2.887690e+00 2.630393e+00 2.386446e+00 1.548832e+00 6.534319e+00 4.422946e-01 5.364154e-01 4.975030e-01 6.580026e-01 5.700564e-01 7.593588e-01 5.008409e-01 4.788355e-01 4.795000e-01 4.890514e-01 4.267561e-01 2.887569e-01 9.866821e-01
<GCONST> 1.201588e+02
<TRANSP> 6
 0.000000e+00 6.148811e-01 3.851189e-01 0.000000e+00 0.000000e+00 0.000000e+00
 0.000000e+00 9.221148e-01 7.548372e-02 2.401410e-03 0.000000e+00 0.000000e+00
 0.000000e+00 0.000000e+00 9.508431e-01 3.272995e-02 1.642686e-02 0.000000e+00
 0.000000e+00 0.000000e+00 0.000000e+00 9.706860e-01 1.085242e-02 1.846161e-02
 0.000000e+00 0.000000e+00 0.000000e+00 0.000000e+00 8.972327e-01 1.027674e-01
 0.000000e+00 0.000000e+00 0.000000e+00 0.000000e+00 0.000000e+00 0.000000e+00
<ENDHMM>
