~o
<STREAMINFO> 1 39
<VECSIZE> 39<NULLD><MFCC_D_A_0><DIAGC>
~h "plus"
<BEGINHMM>
<NUMSTATES> 6
<STATE> 2
<MEAN> 39
 -1.125044e+01 -3.787848e+00 -4.824104e+00 -1.182670e+01 -5.948561e+00 -1.120606e+01 3.247297e+00 -1.500338e+01 -8.158280e+00 -9.800719e+00 2.220248e+00 -1.138285e+00 8.535865e+01 8.727960e-01 7.199017e-01 -9.200713e-01 -4.976988e-01 -6.057438e-01 -1.233155e+00 2.810309e-01 -7.659400e-01 -1.157992e+00 -7.096906e-01 -2.056154e-01 1.499661e-01 1.376500e+00 4.911168e-02 3.005934e-02 -6.096056e-02 7.703617e-02 1.284221e-01 1.284297e-02 -7.610840e-02 2.507652e-01 1.336066e-01 1.404027e-01 -1.380702e-01 -3.941440e-02 -4.047645e-01
<VARIANCE> 39
 3.125465e+01 5.942484e+01 1.973658e+01 1.303822e+01 2.130935e+01 5.752407e+01 2.562533e+01 2.654588e+01 5.445970e+01 3.743463e+01 3.174801e+01 1.549439e+01 1.446417e+01 2.433649e+00 5.846745e+00 1.879104e+00 1.618416e+00 1.592530e+00 3.943052e+00 1.600078e+00 2.350444e+00 4.221959e+00 3.173606e+00 3.539372e+00 1.633329e+00 2.588473e+00 5.295403e-01 1.233019e+00 3.578505e-01 3.023747e-01 2.728706e-01 7.542573e-01 3.063861e-01 4.491039e-01 1.037596e+00 6.207461e-01 7.854212e-01 3.169067e-01 6.014115e-01
<GCONST> 1.185553e+02
<STATE> 3
<MEAN> 39
 -3.833242e+00 -5.607438e+00 -1.700329e+01 -1.639689e+01 2.420691e-01 -1.521242e+01 2.770421e+00 -1.306727e+01 -1.160973e+00 -1.260941e+01 3.791783e+00 -2.317390e+00 8.852123e+01 6.154834e-02 -4.856687e-01 -1.097023e-01 -2.173584e-01 5.935286e-01 4.200500e-01 -8.688194e-02 1.131527e-01 1.292648e+00 -1.309235e-01 2.783249e-01 1.956403e-01 -6.080771e-01 -8.017834e-02 1.543468e-01 1.634855e-01 1.610522e-02 -4.322810e-02 5.081463e-02 -3.316259e-02 -8.671233e-02 -7.940667e-02 -3.271345e-02 -7.681250e-03 6.725369e-02 -1.344867e-01
<VARIANCE> 39
 4.102053e+00 1.816170e+01 2.204923e+01 1.320297e+01 2.527327e+01 2.526296e+01 1.759554e+01 1.705401e+01 9.119077e+01 2.816970e+01 3.308126e+01 2.807932e+01 1.558598e+01 4.081886e-01 1.249329e+00 2.134919e+00 6.240235e-01 1.284738e+00 1.414978e+00 1.224118e+00 1.787909e+00 2.179902e+00 1.872971e+00 1.944103e+00 1.755837e+00 6.809652e-01 7.652215e-02 1.596201e-01 2.367673e-01 1.322824e-01 2.572634e-01 2.578990e-01 2.511831e-01 2.662027e-01 3.958730e-01 3.739592e-01 3.093255e-01 2.645806e-01 7.650949e-02
<GCONST> 9.423096e+01
<STATE> 4
<MEAN> 39
 -1.256157e+01 -3.709521e+00 -4.754935e+00 -1.928115e+01 5.592006e+00 -9.176150e+00 -4.416407e-01 -1.479173e+01 4.012888e+00 -1.056395e+01 6.954503e+00 1.562431e+00 7.669750e+01 -2.873603e+00 -1.910215e-01 2.147691e+00 -2.440486e-01 3.315066e-03 8.308739e-01 -3.289447e-01 1.178590e+00 -9.029377e-01 1.643747e+00 -3.464642e-01 -6.829555e-01 4.436764e-01 -4.913394e-01 -2.576818e-01 -9.041793e-02 1.073280e-01 -1.128742e-01 1.363432e-02 2.163596e-01 4.226335e-01 4.083710e-02 1.334725e-01 -1.234710e-01 -1.893503e-01 5.476689e-01
<VARIANCE> 39
 4.499468e+01 2.121653e+01 4.234580e+01 1.223144e+01 1.747963e+01 2.852223e+01 2.627487e+01 2.830381e+01 5.764413e+01 6.087510e+01 2.176655e+01 3.520464e+01 2.257390e+01 4.707800e+00 4.217302e+00 1.567046e+00 1.164868e+00 2.839291e+00 2.123329e+00 3.013664e+00 4.571985e+00 3.506601e+00 6.519842e+00 1.718832e+00 2.751701e+00 5.596739e+00 5.435445e-01 7.277244e-01 3.618024e-01 2.112370e-01 6.009369e-01 4.494262e-01 5.433829e-01 5.346779e-01 6.875879e-01 1.357073e+00 3.237349e-01 4.672932e-01 5.074731e-01
<GCONST> 1.212685e+02
<STATE> 5
<MEAN> 39
 -3.304084e+01 -5.795044e+00 2.781581e+00 -1.675018e+01 7.942839e+00 -7.646534e+00 2.914107e+00 -4.263541e+00 1.240242e+00 -3.103468e+00 1.845551e+00 -4.163522e+00 8.351778e+01 3.311058e-01 2.151410e-01 5.036442e-02 3.094944e-01 1.165416e-01 -1.182057e-01 3.889503e-02 6.461048e-02 -1.696711e-01 -3.654256e-03 -2.441902e-01 4.797144e-02 -7.914687e-01 2.523602e-01 3.568365e-02 -6.512605e-02 2.673955e-02 1.041700e-03 -1.162984e-02 -5.967373e-02 -6.228750e-02 -6.656335e-02 -2.441579e-02 -5.626347e-03 5.547382e-02 -1.730327e-01
<VARIANCE> 39
 3.581914e+01 6.885342e+00 1.137271e+01 1.384036e+01 1.781685e+01 1.680855e+01 1.575362e+01 1.211927e+01 1.114130e+01 9.140792e+00 9.055349e+00 7.126267e+00 4.665839e+01 3.335995e+00 6.342544e-01 7.413579e-01 8.734729e-01 1.454525e+00 1.399860e+00 1.558188e+00 1.571207e+00 1.241762e+00 1.325679e+00 9.473314e-01 7.372074e-01 2.250705e+00 3.631363e-01 1.429826e-01 1.330193e-01 1.548491e-01 2.432829e-01 2.427521e-01 2.780474e-01 3.534077e-01 2.321304e-01 3.426818e-01 1.866683e-01 1.310587e-01 1.466418e-01
<GCONST> 8.855161e+01
<TRANSP> 6
 0.000000e+00 1.000000e+00 0.000000e+00 0.000000e+00 0.000000e+00 0.000000e+00
 0.000000e+00 9.129134e-01 8.708663e-02 0.000000e+00 0.000000e+00 0.000000e+00
 0.000000e+00 0.000000e+00 9.433372e-01 5.666277e-02 0.000000e+00 0.000000e+00
 0.000000e+00 0.000000e+00 0.000000e+00 8.695601e-01 1.304399e-01 0.000000e+00
 0.000000e+00 0.000000e+00 0.000000e+00 0.000000e+00 9.585108e-01 4.148930e-02
 0.000000e+00 0.000000e+00 0.000000e+00 0.000000e+00 0.000000e+00 0.000000e+00
<ENDHMM>
