~o
<STREAMINFO> 1 39
<VECSIZE> 39<NULLD><MFCC_D_A_0><DIAGC>
~h "four"
<BEGINHMM>
<NUMSTATES> 6
<STATE> 2
<MEAN> 39
 -1.675877e+01 -3.818194e+00 -2.807978e+00 -1.465574e+01 4.292736e+00 -1.260918e+01 6.922643e-01 -5.248833e+00 -3.301698e+00 -6.144558e+00 7.832795e-01 -7.882932e+00 8.130650e+01 7.013772e-01 3.742905e-01 1.948647e-01 -6.376804e-01 -7.924450e-01 -1.041031e+00 -4.193769e-01 -4.523847e-01 -1.408039e-01 -2.290394e-01 -2.249335e-01 -1.602977e-01 1.052523e+00 5.161966e-02 -1.223086e-02 -3.952561e-02 1.159159e-01 -1.266026e-01 7.817613e-02 -1.036588e-01 -4.662377e-02 -5.153320e-03 5.505204e-02 1.129548e-02 1.415092e-01 -4.224551e-02
<VARIANCE> 39
 8.372894e+01 5.135963e+01 3.453158e+01 4.163228e+01 5.840356e+01 5.957425e+01 3.440818e+01 2.143457e+01 2.224942e+01 1.784166e+01 2.511635e+01 1.917328e+01 5.740262e+01 5.534729e+00 4.853922e+00 2.834389e+00 2.535457e+00 3.983017e+00 3.862080e+00 3.622038e+00 2.258896e+00 2.779608e+00 1.914107e+00 2.677317e+00 1.836549e+00 2.274323e+00 5.960477e-01 8.295286e-01 4.366036e-01 4.982863e-01 7.927860e-01 9.173406e-01 6.765791e-01 4.856706e-01 5.841085e-01 3.773067e-01 5.387890e-01 3.452975e-01 2.263589e-01
<GCONST> 1.241266e+02
<STATE> 3
<MEAN> 39
 -3.896167e-01 1.752886e+00 -7.296848e-01 -1.554270e+01 -7.757005e+00 -1.977713e+01 -9.102205e+00 -7.297579e+00 -2.211589e+00 -5.431682e+00 -6.280296e-01 -5.219827e+00 8.921531e+01 8.225114e-02 -4.246450e-01 -5.556908e-01 -4.080125e-02 -3.039775e-02 2.250631e-01 7.353584e-02 4.403519e-01 8.705495e-01 -3.064776e-01 1.541452e-01 2.130917e-01 1.467016e-01 6.054840e-03 6.255699e-02 -3.862882e-02 -1.453831e-01 8.284098e-02 9.257240e-03 1.389193e-01 -5.498222e-03 5.019949e-02 -1.130529e-01 -7.737441e-02 -9.115472e-02 -9.840728e-02
<VARIANCE> 39
 2.336699e+00 2.039433e+01 4.198510e+01 1.519804e+01 1.477640e+01 3.498114e+01 2.535312e+01 4.495363e+01 4.611241e+01 2.501192e+01 1.659206e+01 1.894551e+01 1.028588e+01 1.488910e-01 6.482080e-01 8.593162e-01 1.373547e+00 1.220632e+00 2.075433e+00 2.260866e+00 1.695452e+00 2.270866e+00 2.749981e+00 1.108363e+00 1.221662e+00 3.757339e-01 3.713096e-02 1.139635e-01 1.157521e-01 1.656878e-01 2.245624e-01 3.275286e-01 2.897695e-01 3.140354e-01 3.645208e-01 3.664767e-01 1.802902e-01 2.155691e-01 4.683431e-02
<GCONST> 8.892704e+01
<STATE> 4
<MEAN> 39
 2.517050e+00 2.663972e+00 -1.440088e+01 -1.991323e+01 3.857290e+00 -9.769045e+00 -1.574935e+00 -1.527052e+01 -3.547205e+00 -9.610054e+00 -3.077540e-01 -1.140661e+00 7.820459e+01 -1.644606e-01 -7.375266e-02 -2.948272e-01 3.151931e-01 5.513073e-01 1.208135e+00 8.862215e-02 -7.106450e-01 -1.109210e+00 4.736342e-01 2.299783e-01 2.226605e-01 -1.139445e+00 -9.501459e-02 -1.251612e-01 6.122401e-02 9.598687e-02 -1.116216e-01 3.065401e-02 -5.080557e-02 1.755967e-01 3.696114e-02 2.052373e-01 9.092228e-02 2.191175e-02 -1.356752e-02
<VARIANCE> 39
 2.257652e+01 2.284649e+01 3.180104e+01 3.111546e+01 7.360688e+01 6.533340e+01 2.741948e+01 5.818841e+01 1.283120e+02 3.859290e+01 3.040565e+01 2.127728e+01 5.053969e+01 2.893260e+00 2.084920e+00 3.114260e+00 2.687336e+00 4.965640e+00 2.392661e+00 3.145760e+00 3.923965e+00 3.602385e+00 3.002567e+00 1.724171e+00 1.657282e+00 1.345566e+00 5.036468e-01 2.746161e-01 4.073617e-01 3.905011e-01 7.540070e-01 3.994444e-01 5.977198e-01 4.986517e-01 7.488585e-01 5.752913e-01 3.277168e-01 2.928536e-01 2.447945e-01
<GCONST> 1.213932e+02
<STATE> 5
<MEAN> 39
 -8.491761e+00 -5.545983e+00 -8.955503e+00 -9.238377e+00 1.775146e+00 3.983129e+00 -2.815460e+00 -9.398904e+00 -8.249162e+00 1.083588e+00 4.880159e+00 1.403926e+00 6.369992e+01 -1.041465e+00 -3.645088e-01 8.101978e-01 8.567770e-01 -1.359751e-01 -1.483128e-01 2.283247e-01 1.061674e+00 7.186736e-01 2.471935e-01 -2.010957e-01 8.164719e-02 -6.477219e-01 7.476919e-02 1.734473e-01 9.755106e-02 1.213335e-02 5.087701e-02 -2.267059e-01 5.708628e-04 -1.384017e-01 -5.600455e-02 -1.946323e-01 -1.747627e-01 -7.485013e-02 7.326265e-02
<VARIANCE> 39
 1.531053e+01 7.024070e+00 4.017161e+01 3.047997e+01 1.392473e+01 1.781147e+01 1.397427e+01 2.191526e+01 1.597888e+01 2.534679e+01 3.234236e+01 1.496831e+01 6.298473e+00 2.823420e-01 5.404173e-01 1.200764e+00 1.255398e+00 1.223380e+00 1.381651e+00 1.168783e+00 1.478473e+00 1.339215e+00 2.341571e+00 2.375507e+00 1.220855e+00 1.088301e-01 6.638953e-02 5.963044e-02 1.653039e-01 2.449840e-01 2.627993e-01 2.524832e-01 2.423287e-01 2.950796e-01 1.884497e-01 3.323087e-01 3.121911e-01 1.766027e-01 2.795776e-02
<GCONST> 8.498695e+01
<TRANSP> 6
 0.000000e+00 1.000000e+00 0.000000e+00 0.000000e+00 0.000000e+00 0.000000e+00
 0.000000e+00 9.494841e-01 5.051593e-02 0.000000e+00 0.000000e+00 0.000000e+00
 0.000000e+00 0.000000e+00 9.430686e-01 5.693138e-02 0.000000e+00 0.000000e+00
 0.000000e+00 0.000000e+00 0.000000e+00 9.460825e-01 5.391748e-02 0.000000e+00
 0.000000e+00 0.000000e+00 0.000000e+00 0.000000e+00 9.055924e-01 9.440758e-02
 0.000000e+00 0.000000e+00 0.000000e+00 0.000000e+00 0.000000e+00 0.000000e+00
<ENDHMM>
