~o
<STREAMINFO> 1 39
<VECSIZE> 39<NULLD><MFCC_D_A_0><DIAGC>
~h "three"
<BEGINHMM>
<NUMSTATES> 6
<STATE> 2
<MEAN> 39
 -1.753621e+01 -8.204511e+00 -1.451645e-02 -1.274892e+01 6.571030e-01 -1.015123e+01 -3.384313e+00 -8.450862e+00 1.406328e+00 -7.180173e+00 1.848957e+00 -6.671605e+00 8.593497e+01 1.199261e+00 1.744495e+00 6.701511e-01 4.805510e-01 1.438663e+00 -2.590101e+00 -1.222180e+00 -2.001650e+00 -1.534099e+00 -7.854041e-01 -8.503260e-01 -9.930668e-01 3.509495e+00 7.601885e-01 1.167109e+00 1.365742e-02 1.304183e+00 5.973586e-01 -1.386565e-01 -1.079922e-02 -1.915144e-02 -9.234411e-01 2.043554e-01 -6.776242e-01 4.415174e-01 -1.767710e+00
<VARIANCE> 39
 6.187425e+00 2.634755e+01 9.897749e+00 3.686224e+01 3.049861e+01 1.350377e+01 1.729337e+01 1.635759e+01 2.350516e+01 3.091051e+01 1.573305e+01 2.273705e+01 1.076583e+02 3.488134e+00 8.747996e+00 1.319523e+00 1.193301e+01 3.391947e+00 2.316875e+00 1.140053e+00 2.252110e+00 7.634162e+00 3.357777e+00 3.531017e+00 2.444271e+00 2.199737e+01 2.783153e-01 6.362299e-01 2.445364e-01 1.016640e+00 5.047737e-01 3.581644e-01 4.035810e-01 2.786268e-01 6.662311e-01 7.890716e-01 3.649444e-01 5.360156e-01 2.319992e+00
<GCONST> 1.207010e+02
<STATE> 3
<MEAN> 39
 -3.868253e+00 8.003481e+00 -6.816511e+00 -9.387759e+00 1.372456e+01 -2.152598e+01 -1.098511e+00 -1.686260e+01 -1.112128e+01 -1.084233e+01 -7.876938e+00 -2.707699e+00 8.624209e+01 3.900195e-01 2.358267e-01 -5.612394e-01 3.266376e-01 1.957428e-01 -5.444989e-01 -3.495880e-02 -2.604776e-01 1.673850e-01 -2.670840e-02 -2.759645e-02 -3.894198e-02 9.974134e-02 -1.933752e-01 -2.106822e-01 7.249454e-02 -1.524536e-02 -1.781696e-01 7.971487e-02 -2.550736e-03 1.713067e-01 2.299859e-01 -2.788810e-02 1.098647e-01 -1.119681e-01 4.373877e-02
<VARIANCE> 39
 7.570989e+00 1.203566e+01 3.547751e+01 4.438506e+01 2.999815e+01 3.532797e+01 4.031211e+01 2.304979e+01 3.231642e+01 2.189967e+01 2.570565e+01 2.132504e+01 1.497377e+01 1.233447e+00 2.030072e+00 1.214034e+00 4.052764e+00 4.280009e+00 3.749163e+00 3.867988e+00 2.437830e+00 3.367938e+00 2.473119e+00 2.592325e+00 2.290215e+00 7.396964e-01 1.223919e-01 2.281841e-01 2.457892e-01 5.428543e-01 7.392173e-01 8.057206e-01 5.983441e-01 5.115941e-01 4.884387e-01 5.329832e-01 3.471698e-01 3.192269e-01 1.303298e-01
<GCONST> 1.111787e+02
<STATE> 4
<MEAN> 39
 -1.033434e+01 2.654438e+00 5.842268e+00 2.536297e+00 5.653642e+00 -2.955352e+01 -7.207193e+00 -7.995489e+00 -2.762093e+00 -1.845755e+01 -6.531252e-01 -8.284925e+00 8.821180e+01 -6.679164e-01 7.249434e-02 1.988386e+00 2.552798e-01 -1.512539e-01 -1.619039e-01 4.001236e-01 1.012645e+00 -1.719668e-01 -9.774473e-01 1.852634e-01 4.942428e-02 -5.789302e-01 3.990863e-02 3.698863e-02 -4.740063e-02 -1.263285e-01 1.132479e-01 1.820032e-01 1.868869e-01 -9.682868e-02 -1.083834e-01 1.071834e-01 -4.340153e-02 1.185515e-01 -1.190581e-01
<VARIANCE> 39
 7.967661e+00 1.990979e+01 8.854388e+01 8.652835e+00 1.268519e+01 2.608469e+01 1.615500e+01 4.394530e+01 2.389533e+01 4.283899e+01 1.385286e+01 1.881076e+01 1.356769e+01 2.367267e-01 1.053055e+00 1.171032e+00 7.413167e-01 1.358353e+00 2.768186e+00 1.335796e+00 2.039577e+00 1.318660e+00 2.032843e+00 9.332661e-01 2.001586e+00 6.162803e-01 3.809305e-02 1.726274e-01 2.459683e-01 1.601697e-01 1.753711e-01 6.662152e-01 1.592980e-01 3.076511e-01 2.997071e-01 4.090174e-01 2.200790e-01 4.413206e-01 5.248551e-02
<GCONST> 9.197782e+01
<STATE> 5
<MEAN> 39
 -1.504756e+01 -5.348361e-01 1.411859e+01 9.339274e-01 4.663533e+00 -1.610839e+01 9.456027e-01 -2.132868e+00 -5.179927e+00 -1.290180e+01 -1.749575e+00 -5.276855e+00 7.135663e+01 1.498715e-01 -6.882284e-01 -1.391528e+00 -4.650306e-01 -5.855455e-01 2.051297e+00 2.692400e-02 2.500226e-01 3.500751e-02 1.467098e+00 -1.654373e-01 5.137625e-01 -1.413570e+00 5.398919e-02 1.429858e-03 -1.619786e-01 -7.280878e-02 -7.500132e-02 -3.224131e-02 -1.137207e-01 6.229121e-03 4.401759e-02 2.095936e-03 2.827895e-02 4.438810e-02 7.057752e-02
<VARIANCE> 39
 5.675601e+00 2.893033e+01 8.477998e+01 2.612760e+01 2.786927e+01 1.176871e+02 2.617813e+01 2.976494e+01 2.330455e+01 7.015594e+01 1.316487e+01 2.113257e+01 5.718235e+01 9.543457e-01 1.542697e+00 6.859780e+00 2.458790e+00 1.980047e+00 5.371123e+00 2.556207e+00 1.808837e+00 2.184864e+00 2.898859e+00 1.572004e+00 2.001714e+00 8.681644e-01 1.264220e-01 3.194019e-01 1.236033e+00 4.764529e-01 4.343285e-01 1.042592e+00 4.399424e-01 2.622903e-01 4.434457e-01 5.402431e-01 3.097422e-01 4.357941e-01 1.490261e-01
<GCONST> 1.142418e+02
<TRANSP> 6
 0.000000e+00 1.000000e+00 0.000000e+00 0.000000e+00 0.000000e+00 0.000000e+00
 0.000000e+00 7.368643e-01 2.631358e-01 0.000000e+00 0.000000e+00 0.000000e+00
 0.000000e+00 0.000000e+00 9.515759e-01 4.842404e-02 0.000000e+00 0.000000e+00
 0.000000e+00 0.000000e+00 0.000000e+00 9.313191e-01 6.868091e-02 0.000000e+00
 0.000000e+00 0.000000e+00 0.000000e+00 0.000000e+00 9.258630e-01 7.413695e-02
 0.000000e+00 0.000000e+00 0.000000e+00 0.000000e+00 0.000000e+00 0.000000e+00
<ENDHMM>
