~o
<STREAMINFO> 1 39
<VECSIZE> 39<NULLD><MFCC_D_A_0><DIAGC>
~h "minus"
<BEGINHMM>
<NUMSTATES> 6
<STATE> 2
<MEAN> 39
 -2.269145e+00 7.855103e+00 -9.707780e-01 -1.342409e+01 5.120009e+00 -1.436395e+01 2.820177e+00 -8.242522e+00 -2.127289e+01 -1.778870e+01 -1.274062e+01 -5.602806e+00 7.690420e+01 1.194103e+00 -6.452335e-01 -2.137061e+00 -1.625250e+00 -1.810414e+00 -2.446299e+00 5.323741e-01 -9.418991e-01 4.381648e-01 -1.435678e+00 2.248507e+00 3.575814e-01 3.842823e+00 -7.261347e-01 -9.676981e-01 -4.614280e-01 1.508193e-01 -3.249432e-01 3.519421e-01 -1.537650e-02 9.426162e-02 8.448073e-01 8.067417e-01 8.096497e-01 3.394431e-01 -4.670348e-02
<VARIANCE> 39
 9.192331e+00 1.660308e+01 3.255118e+01 3.049856e+01 5.331123e+01 5.809117e+01 1.496136e+01 2.795035e+01 6.052147e+01 2.306690e+01 7.139084e+01 2.203173e+01 5.539723e+01 3.670625e+00 6.885926e+00 3.724857e+00 2.631484e+00 5.075177e+00 4.614140e+00 1.968698e+00 1.756105e+00 1.279736e+01 6.573279e+00 1.066764e+01 2.802111e+00 2.735260e+00 2.662660e-01 5.962679e-01 7.064939e-01 6.382312e-01 1.067848e+00 1.504403e+00 3.280034e-01 4.077773e-01 1.852165e+00 8.486146e-01 2.087661e+00 5.804944e-01 5.746072e-01
<GCONST> 1.309545e+02
<STATE> 3
<MEAN> 39
 -6.657897e+00 1.363268e+00 -4.035836e+00 -1.169425e+01 2.478961e+00 -2.220728e+01 -2.884109e+00 -1.198913e+01 -1.153796e+01 -1.152420e+01 -9.173003e-01 -1.113522e+01 8.773524e+01 -1.173439e-01 -1.689271e-02 1.668785e-01 1.120897e-01 3.129847e-01 -1.274612e-02 -3.071839e-01 -7.923589e-02 1.332712e-01 4.446786e-01 3.891726e-01 -5.793258e-02 4.002688e-02 4.945096e-02 2.241767e-02 5.043671e-02 -6.312371e-03 6.024690e-02 -2.227698e-03 -1.436555e-02 6.178817e-02 -1.505929e-02 2.078527e-02 -1.724055e-02 3.635693e-02 -7.121845e-02
<VARIANCE> 39
 1.048257e+01 3.486124e+01 7.287616e+01 2.380492e+01 1.853009e+01 7.896156e+01 3.768460e+01 1.726030e+01 2.423425e+01 3.304671e+01 3.586530e+01 3.480733e+01 4.693985e+01 1.325782e+00 2.672181e+00 2.828755e+00 1.419225e+00 1.346934e+00 7.242443e+00 1.542127e+00 1.870242e+00 1.593138e+00 2.779619e+00 4.752690e+00 2.264262e+00 2.828072e+00 2.729772e-01 3.948351e-01 3.485229e-01 2.615772e-01 3.079778e-01 1.192141e+00 2.739016e-01 3.930197e-01 3.068196e-01 4.161505e-01 7.686597e-01 3.093711e-01 3.842357e-01
<GCONST> 1.150580e+02
<STATE> 4
<MEAN> 39
 -9.122421e+00 -2.144250e+00 1.003410e+00 -1.450311e+01 7.146325e+00 -1.635652e+01 -4.712490e+00 -1.089701e+01 -9.812877e+00 -4.969169e+00 9.873643e+00 1.297532e+00 8.572478e+01 -1.122647e+00 -4.052799e-01 6.540313e-01 -1.932642e-01 -1.150859e-01 8.412061e-01 1.194824e-01 2.543562e-01 5.877418e-01 -6.527241e-03 -3.668305e-01 -5.411178e-02 -1.388342e-01 -2.931547e-01 7.118668e-03 4.134663e-04 -1.829177e-02 -8.194163e-02 3.673711e-02 5.650246e-02 1.644895e-02 8.231527e-02 -4.633061e-02 -1.207878e-01 -1.613619e-01 6.987483e-02
<VARIANCE> 39
 3.230720e+01 3.436622e+01 3.838753e+01 1.184188e+01 1.254128e+01 4.298272e+01 3.066287e+01 1.680531e+01 2.572802e+01 2.529810e+01 2.659043e+01 2.357974e+01 2.323804e+01 4.166302e+00 4.177338e+00 1.303307e+00 1.060875e+00 1.385513e+00 1.875605e+00 1.427071e+00 1.749126e+00 3.759696e+00 1.891854e+00 1.674537e+00 3.153472e+00 1.861081e+00 3.922244e-01 7.275749e-01 3.218292e-01 2.157606e-01 2.802275e-01 3.494051e-01 2.616743e-01 2.962224e-01 5.550085e-01 3.597359e-01 3.131825e-01 3.098556e-01 2.672032e-01
<GCONST> 1.086403e+02
<STATE> 5
<MEAN> 39
 -3.261035e+01 -6.163792e+00 3.185221e+00 -1.759105e+01 8.419829e+00 -8.518322e+00 2.689156e+00 -3.924538e+00 2.072153e+00 -3.135384e+00 2.805221e+00 -5.140326e+00 8.399710e+01 2.779903e-01 1.594481e-01 -1.864834e-01 1.606361e-01 -1.625245e-02 -6.439351e-02 1.515679e-01 2.437542e-01 -1.084367e-01 1.293075e-01 -1.759741e-01 1.300123e-01 -9.096700e-01 2.522663e-01 5.500117e-02 -1.142703e-02 9.855773e-02 2.666577e-02 1.360397e-02 -7.076231e-02 -8.451953e-03 -1.332808e-01 1.977370e-02 -3.056707e-02 8.213586e-02 -1.532341e-01
<VARIANCE> 39
 2.681248e+01 1.711879e+01 1.868979e+01 1.882231e+01 2.163845e+01 1.696521e+01 1.814993e+01 1.924166e+01 1.521138e+01 1.063643e+01 1.139506e+01 1.288693e+01 6.168748e+01 3.039875e+00 9.847224e-01 1.324472e+00 1.679875e+00 1.737954e+00 1.459458e+00 1.256697e+00 1.557763e+00 1.061840e+00 8.907539e-01 9.131464e-01 8.488114e-01 2.007910e+00 3.049156e-01 2.039453e-01 2.031766e-01 2.707188e-01 3.085163e-01 3.175814e-01 2.218372e-01 2.550111e-01 2.097035e-01 1.611109e-01 1.654020e-01 1.836998e-01 1.784703e-01
<GCONST> 9.403565e+01
<TRANSP> 6
 0.000000e+00 1.000000e+00 0.000000e+00 0.000000e+00 0.000000e+00 0.000000e+00
 0.000000e+00 8.181068e-01 1.818932e-01 0.000000e+00 0.000000e+00 0.000000e+00
 0.000000e+00 0.000000e+00 9.676877e-01 3.231236e-02 0.000000e+00 0.000000e+00
 0.000000e+00 0.000000e+00 0.000000e+00 9.430661e-01 5.693390e-02 0.000000e+00
 0.000000e+00 0.000000e+00 0.000000e+00 0.000000e+00 9.601439e-01 3.985608e-02
 0.000000e+00 0.000000e+00 0.000000e+00 0.000000e+00 0.000000e+00 0.000000e+00
<ENDHMM>
