~o
<STREAMINFO> 1 39
<VECSIZE> 39<NULLD><MFCC_D_A_0><DIAGC>
~h "eight"
<BEGINHMM>
<NUMSTATES> 6
<STATE> 2
<MEAN> 39
 -7.488161e+00 -4.498273e+00 1.990793e+00 -7.328350e+00 3.685163e+00 -3.448518e+01 -2.412426e+00 -1.104694e+01 -1.778003e+00 -1.100152e+01 2.076272e+00 -6.995352e+00 9.055782e+01 -9.086739e-02 7.805958e-01 1.194993e+00 9.543913e-02 7.680154e-01 -4.501351e-01 -4.748409e-01 9.761328e-02 -1.143574e-01 -2.045819e+00 -3.312378e-01 -1.890461e-01 3.350395e-01 -1.679828e-01 9.285426e-02 5.016980e-02 7.851901e-02 4.091528e-02 4.842661e-01 2.437404e-02 1.707730e-01 -7.220834e-02 -3.287237e-02 -1.070966e-01 7.635422e-02 -5.669885e-01
<VARIANCE> 39
 8.738308e+00 2.863957e+01 5.290067e+01 1.265601e+01 3.103230e+01 3.901036e+01 3.873484e+01 2.162790e+01 2.240355e+01 1.213142e+02 1.967081e+01 2.648611e+01 3.408434e+01 1.270269e+00 2.140980e+00 1.772059e+00 1.352799e+00 2.285185e+00 5.318706e+00 2.726924e+00 1.870657e+00 2.041802e+00 2.513394e+00 1.764796e+00 1.965283e+00 7.570910e+00 1.338536e-01 5.786928e-01 3.807606e-01 2.136411e-01 4.989101e-01 1.585082e+00 5.954787e-01 3.141627e-01 3.818690e-01 9.006181e-01 4.359765e-01 3.378049e-01 5.956576e-01
<GCONST> 1.156546e+02
<STATE> 3
<MEAN> 39
 -1.338015e+01 -7.466706e-01 5.007596e+00 -5.470947e+00 4.867305e+00 -1.651274e+01 -3.263159e+00 -3.483975e+00 -3.259738e+00 -1.042242e+01 -2.350951e+00 -3.330027e+00 6.771356e+01 -5.149538e-02 -2.599553e-01 -1.090980e+00 -4.270238e-02 -1.018053e+00 2.300880e+00 1.098418e-01 3.763668e-01 6.724387e-02 1.755418e+00 -1.648723e-01 5.130039e-01 -1.518106e+00 1.338502e-02 -1.284620e-01 -2.777593e-02 -1.256094e-01 -1.851417e-02 -1.347485e-01 2.316105e-02 -5.265485e-02 8.208525e-02 -1.355309e-02 9.578409e-02 -4.904890e-02 3.622860e-01
<VARIANCE> 39
 7.635538e+00 9.306748e+00 4.008674e+01 2.114765e+01 7.482088e+01 1.242609e+02 1.787019e+01 1.690780e+01 2.140484e+01 1.223373e+02 3.371317e+01 2.872972e+01 4.492547e+01 9.898397e-01 8.938130e-01 2.599829e+00 2.141882e+00 4.464806e+00 2.325898e+00 2.329273e+00 1.884218e+00 2.009206e+00 5.399134e+00 2.604143e+00 2.200320e+00 1.577974e+00 2.387861e-01 1.709849e-01 7.164522e-01 5.615820e-01 9.004582e-01 5.450879e-01 4.792409e-01 3.446969e-01 4.049344e-01 1.193123e+00 4.541533e-01 4.133307e-01 3.791605e-01
<GCONST> 1.160917e+02
<STATE> 4
<MEAN> 39
 -2.146703e+01 -7.809927e+00 2.118762e+00 -1.401336e+01 3.680776e+00 -7.501214e+00 -3.153356e-01 -5.363891e+00 1.800430e+00 -5.760129e+00 1.298068e+00 -4.783126e+00 7.927023e+01 -2.182871e+00 -1.048113e+00 1.134992e+00 -2.124870e+00 1.231220e+00 -1.142855e+00 4.568512e-01 -1.309106e+00 1.511925e+00 -8.608732e-01 9.480190e-01 -1.045908e+00 5.347678e+00 2.791891e-01 2.240281e-01 1.760370e-01 4.785716e-01 -3.166998e-01 1.421927e-02 -6.345482e-02 -2.200498e-01 2.053722e-02 9.386541e-02 -9.178370e-02 4.880957e-02 -9.744164e-02
<VARIANCE> 39
 5.126783e+01 2.562977e+01 3.197319e+01 5.522763e+01 3.993233e+01 2.203747e+01 2.050409e+01 2.261794e+01 2.578317e+01 1.790483e+01 1.108057e+01 2.036995e+01 2.162594e+02 3.338675e+00 2.804973e+00 3.432202e+00 6.523614e+00 4.938080e+00 1.640141e+00 2.922250e+00 1.689540e+00 1.467788e+00 1.832187e+00 1.086911e+00 1.733590e+00 9.736236e+00 1.213625e+00 6.303726e-01 7.695966e-01 1.598812e+00 1.076149e+00 5.059671e-01 5.373031e-01 3.474485e-01 4.861623e-01 4.903751e-01 2.368730e-01 4.255639e-01 3.906451e+00
<GCONST> 1.244046e+02
<STATE> 5
<MEAN> 39
 -1.564355e+01 -8.252283e+00 8.060981e+00 -9.807042e+00 1.562122e+00 -8.432945e+00 2.008120e+00 -1.052322e+01 3.801854e+00 -4.266226e+00 4.019215e+00 -7.459562e+00 8.402136e+01 1.013752e+00 3.721463e-01 -1.923822e-01 8.676858e-01 -4.040131e-01 5.512990e-01 -1.030229e-01 4.487914e-01 -5.164784e-01 5.112564e-01 -2.503335e-01 2.446287e-01 -1.885548e+00 -6.103131e-02 1.078953e-03 -1.022823e-01 -3.837746e-02 6.661633e-02 9.154209e-02 3.677751e-03 1.486343e-01 -3.298020e-02 -2.528643e-02 -7.141127e-02 4.007138e-02 -1.830778e-01
<VARIANCE> 39
 4.073502e+01 1.572904e+01 1.931702e+01 2.218344e+01 1.289463e+01 1.849359e+01 2.065826e+01 2.692163e+01 2.524981e+01 2.080209e+01 1.420735e+01 1.467115e+01 1.358300e+02 1.211047e+00 1.311763e+00 1.811367e+00 1.210045e+00 1.241689e+00 1.981058e+00 2.227255e+00 1.926129e+00 1.618020e+00 1.382068e+00 1.573756e+00 1.536506e+00 2.053909e+00 1.992308e-01 2.677894e-01 2.716420e-01 2.751899e-01 2.476004e-01 4.191901e-01 3.671244e-01 2.857487e-01 2.873873e-01 2.746459e-01 2.861775e-01 2.558692e-01 2.858994e-01
<GCONST> 1.020718e+02
<TRANSP> 6
 0.000000e+00 1.000000e+00 0.000000e+00 0.000000e+00 0.000000e+00 0.000000e+00
 0.000000e+00 9.380187e-01 6.198134e-02 0.000000e+00 0.000000e+00 0.000000e+00
 0.000000e+00 0.000000e+00 9.304770e-01 6.952307e-02 0.000000e+00 0.000000e+00
 0.000000e+00 0.000000e+00 0.000000e+00 8.446330e-01 1.553670e-01 0.000000e+00
 0.000000e+00 0.000000e+00 0.000000e+00 0.000000e+00 9.380656e-01 6.193442e-02
 0.000000e+00 0.000000e+00 0.000000e+00 0.000000e+00 0.000000e+00 0.000000e+00
<ENDHMM>
