~o
<STREAMINFO> 1 39
<VECSIZE> 39<NULLD><MFCC_D_A_0><DIAGC>
~h "three"
<BEGINHMM>
<NUMSTATES> 6
<STATE> 2
<MEAN> 39
 -1.753620e+01 -8.204522e+00 -1.453202e-02 -1.274886e+01 6.571552e-01 -1.015130e+01 -3.384286e+00 -8.450891e+00 1.406279e+00 -7.180162e+00 1.848934e+00 -6.671619e+00 8.593493e+01 1.199281e+00 1.744475e+00 6.701645e-01 4.805530e-01 1.438669e+00 -2.590088e+00 -1.222166e+00 -2.001677e+00 -1.534101e+00 -7.853845e-01 -8.503377e-01 -9.930616e-01 3.509473e+00 7.601886e-01 1.167104e+00 1.365995e-02 1.304176e+00 5.973511e-01 -1.386430e-01 -1.079853e-02 -1.915230e-02 -9.234273e-01 2.043573e-01 -6.776237e-01 4.415164e-01 -1.767712e+00
<VARIANCE> 39
 6.187369e+00 2.634682e+01 9.897560e+00 3.686273e+01 3.049846e+01 1.350384e+01 1.729328e+01 1.635800e+01 2.350461e+01 3.091146e+01 1.573294e+01 2.273738e+01 1.076585e+02 3.488138e+00 8.747833e+00 1.319495e+00 1.193296e+01 3.391925e+00 2.316869e+00 1.140080e+00 2.252178e+00 7.633977e+00 3.357853e+00 3.530970e+00 2.444293e+00 2.199743e+01 2.783149e-01 6.362080e-01 2.445306e-01 1.016641e+00 5.047757e-01 3.581707e-01 4.035805e-01 2.786402e-01 6.662162e-01 7.890874e-01 3.649363e-01 5.360171e-01 2.319987e+00
<GCONST> 1.207010e+02
<STATE> 3
<MEAN> 39
 -3.868266e+00 8.003418e+00 -6.816414e+00 -9.387704e+00 1.372450e+01 -2.152596e+01 -1.098532e+00 -1.686255e+01 -1.112125e+01 -1.084231e+01 -7.876967e+00 -2.707790e+00 8.624210e+01 3.900174e-01 2.358331e-01 -5.612358e-01 3.266390e-01 1.957356e-01 -5.445026e-01 -3.496574e-02 -2.604724e-01 1.673844e-01 -2.671767e-02 -2.759760e-02 -3.894788e-02 9.974602e-02 -1.933772e-01 -2.106820e-01 7.249367e-02 -1.524432e-02 -1.781701e-01 7.971290e-02 -2.550235e-03 1.713075e-01 2.299840e-01 -2.788874e-02 1.098663e-01 -1.119672e-01 4.373971e-02
<VARIANCE> 39
 7.570907e+00 1.203566e+01 3.547699e+01 4.438467e+01 2.999820e+01 3.532802e+01 4.031188e+01 2.305001e+01 3.231615e+01 2.189975e+01 2.570546e+01 2.132474e+01 1.497364e+01 1.233469e+00 2.030087e+00 1.214027e+00 4.052759e+00 4.280014e+00 3.749131e+00 3.867965e+00 2.437844e+00 3.367934e+00 2.473155e+00 2.592307e+00 2.290214e+00 7.396967e-01 1.223936e-01 2.281833e-01 2.457908e-01 5.428543e-01 7.392169e-01 8.057159e-01 5.983379e-01 5.116001e-01 4.884371e-01 5.329938e-01 3.471646e-01 3.192265e-01 1.303305e-01
<GCONST> 1.111787e+02
<STATE> 4
<MEAN> 39
 -1.033438e+01 2.654469e+00 5.842332e+00 2.536341e+00 5.653502e+00 -2.955349e+01 -7.207248e+00 -7.995401e+00 -2.762109e+00 -1.845765e+01 -6.531656e-01 -8.284883e+00 8.821185e+01 -6.679112e-01 7.249336e-02 1.988374e+00 2.552846e-01 -1.512515e-01 -1.618957e-01 4.001240e-01 1.012648e+00 -1.719615e-01 -9.774407e-01 1.852632e-01 4.943782e-02 -5.789313e-01 3.990952e-02 3.698801e-02 -4.739882e-02 -1.263277e-01 1.132483e-01 1.820022e-01 1.868866e-01 -9.682794e-02 -1.083805e-01 1.071847e-01 -4.340218e-02 1.185479e-01 -1.190594e-01
<VARIANCE> 39
 7.967540e+00 1.990947e+01 8.854293e+01 8.653012e+00 1.268512e+01 2.608486e+01 1.615470e+01 4.394585e+01 2.389471e+01 4.283881e+01 1.385272e+01 1.881071e+01 1.356776e+01 2.367246e-01 1.053030e+00 1.171023e+00 7.413216e-01 1.358344e+00 2.768189e+00 1.335780e+00 2.039555e+00 1.318662e+00 2.032857e+00 9.332564e-01 2.001565e+00 6.162782e-01 3.809308e-02 1.726238e-01 2.459663e-01 1.601701e-01 1.753699e-01 6.662164e-01 1.592952e-01 3.076509e-01 2.997083e-01 4.090145e-01 2.200758e-01 4.413213e-01 5.248545e-02
<GCONST> 9.197760e+01
<STATE> 5
<MEAN> 39
 -1.504755e+01 -5.348778e-01 1.411856e+01 9.338961e-01 4.663444e+00 -1.610822e+01 9.455345e-01 -2.132818e+00 -5.179818e+00 -1.290171e+01 -1.749533e+00 -5.276778e+00 7.135661e+01 1.498781e-01 -6.882299e-01 -1.391542e+00 -4.650497e-01 -5.855475e-01 2.051294e+00 2.692119e-02 2.500095e-01 3.500645e-02 1.467113e+00 -1.654331e-01 5.137589e-01 -1.413573e+00 5.398998e-02 1.430981e-03 -1.619824e-01 -7.280981e-02 -7.500215e-02 -3.224496e-02 -1.137216e-01 6.230972e-03 4.401500e-02 2.093850e-03 2.827880e-02 4.439004e-02 7.057882e-02
<VARIANCE> 39
 5.675714e+00 2.893047e+01 8.478046e+01 2.612832e+01 2.786960e+01 1.176870e+02 2.617848e+01 2.976460e+01 2.330386e+01 7.015644e+01 1.316488e+01 2.113239e+01 5.718215e+01 9.543614e-01 1.542740e+00 6.859739e+00 2.458875e+00 1.980049e+00 5.371066e+00 2.556223e+00 1.808870e+00 2.184853e+00 2.898869e+00 1.572032e+00 2.001759e+00 8.681782e-01 1.264225e-01 3.194111e-01 1.236022e+00 4.764682e-01 4.343276e-01 1.042581e+00 4.399479e-01 2.622963e-01 4.434474e-01 5.402485e-01 3.097513e-01 4.358039e-01 1.490285e-01
<GCONST> 1.142421e+02
<TRANSP> 6
 0.000000e+00 1.000000e+00 0.000000e+00 0.000000e+00 0.000000e+00 0.000000e+00
 0.000000e+00 7.368626e-01 2.631374e-01 0.000000e+00 0.000000e+00 0.000000e+00
 0.000000e+00 0.000000e+00 9.515758e-01 4.842426e-02 0.000000e+00 0.000000e+00
 0.000000e+00 0.000000e+00 0.000000e+00 9.313193e-01 6.868069e-02 0.000000e+00
 0.000000e+00 0.000000e+00 0.000000e+00 0.000000e+00 9.258628e-01 7.413717e-02
 0.000000e+00 0.000000e+00 0.000000e+00 0.000000e+00 0.000000e+00 0.000000e+00
<ENDHMM>
