~o
<STREAMINFO> 1 39
<VECSIZE> 39<NULLD><MFCC_D_A_0><DIAGC>
~h "nine"
<BEGINHMM>
<NUMSTATES> 6
<STATE> 2
<MEAN> 39
 -3.250724e+00 6.732113e+00 5.822713e+00 -6.120579e+00 1.271921e+01 -1.571247e+01 3.187185e+00 -1.228003e+01 -1.553844e+01 -5.822712e+00 -5.405234e+00 -3.578268e+00 7.693826e+01 5.094767e-01 -3.680730e-01 -4.729472e-01 -1.834298e+00 -6.629642e-01 -1.524732e+00 1.196105e+00 -3.167017e-01 2.182476e-01 -5.324156e-01 1.509974e+00 7.123384e-02 2.780961e+00 -2.958072e-01 -4.305989e-01 -4.808280e-01 -2.224063e-01 -3.552496e-01 1.655395e-01 9.090012e-02 4.123652e-01 3.516536e-01 -2.785203e-02 2.750383e-01 1.353315e-01 7.127819e-03
<VARIANCE> 39
 9.105962e+00 1.906362e+01 1.106621e+01 4.888515e+01 5.084356e+01 3.067724e+01 4.261607e+01 2.639022e+01 3.809613e+01 1.569812e+01 5.015408e+01 2.000303e+01 6.884776e+01 2.860158e+00 4.321527e+00 3.040347e+00 2.428619e+00 7.999763e+00 3.730749e+00 3.016865e+00 3.905253e+00 5.759101e+00 1.295216e+00 4.896552e+00 2.131522e+00 2.268435e+00 3.066414e-01 5.519543e-01 2.970768e-01 4.818730e-01 1.280965e+00 9.051842e-01 6.242296e-01 5.362495e-01 8.453244e-01 2.412785e-01 8.660409e-01 4.513418e-01 5.809441e-01
<GCONST> 1.228527e+02
<STATE> 3
<MEAN> 39
 -4.088717e+00 -1.593002e+00 -7.228938e+00 -2.017661e+01 7.498748e+00 -1.873993e+01 1.025344e+01 -6.457666e+00 -2.001620e+00 -1.693059e+01 5.929544e+00 2.630209e+00 9.296949e+01 -6.350777e-02 -2.308258e-01 -2.011658e-01 -7.179745e-02 6.016221e-01 -1.313855e-02 -3.517208e-01 1.681054e-01 7.828621e-01 -4.292841e-01 3.441935e-01 -2.705042e-02 -2.833439e-02 -3.980117e-02 4.373354e-02 2.255349e-01 1.609085e-01 7.462829e-02 -9.209206e-02 -1.101142e-01 -7.037371e-02 1.327292e-02 8.116712e-02 -5.253652e-02 -1.580218e-01 -1.323872e-01
<VARIANCE> 39
 2.439075e+00 6.492810e+00 1.605337e+01 8.817003e+00 2.203663e+01 2.270802e+01 1.567753e+01 1.046848e+01 3.701890e+01 3.694915e+01 2.280941e+01 2.025859e+01 2.934536e+00 2.055640e-01 4.702189e-01 1.548362e+00 7.715883e-01 1.269447e+00 2.895544e+00 1.148560e+00 1.045012e+00 1.492622e+00 2.553060e+00 1.892826e+00 2.423505e+00 2.602226e-01 3.218611e-02 8.769206e-02 1.415451e-01 2.095505e-01 2.698504e-01 4.832348e-01 1.492656e-01 1.719569e-01 2.830719e-01 3.548092e-01 4.416423e-01 2.546141e-01 1.165891e-01
<GCONST> 8.426158e+01
<STATE> 4
<MEAN> 39
 -1.021302e+01 -3.592899e+00 7.788960e+00 -1.062279e+01 1.368569e+01 -3.397398e+01 -1.089257e+00 -5.302755e+00 6.874164e+00 -1.602078e+01 8.176820e+00 -7.647285e+00 8.745348e+01 -5.333330e-01 1.550474e-02 1.782981e+00 1.203760e+00 -1.758705e-01 -1.121696e+00 -3.942823e-01 3.430214e-01 -4.672500e-01 -1.155261e-01 -1.001643e+00 -2.629284e-01 -8.141991e-01 8.386496e-03 -2.660586e-02 -5.536738e-02 -3.296692e-02 -4.988704e-02 2.736082e-01 1.360380e-01 4.707282e-02 -2.102006e-01 -5.615026e-02 -8.795533e-02 1.882168e-01 -7.279889e-02
<VARIANCE> 39
 7.990819e+00 5.548724e+00 5.928694e+01 2.786308e+01 1.089126e+01 3.186362e+01 1.009510e+01 1.478925e+01 2.069619e+01 1.050028e+01 3.002631e+01 1.660314e+01 1.373293e+01 2.045050e-01 4.880596e-01 4.851578e-01 5.527989e-01 7.775863e-01 1.797649e+00 1.172017e+00 1.237985e+00 1.691625e+00 1.243213e+00 1.104515e+00 1.621413e+00 2.119834e-01 3.372695e-02 6.592032e-02 6.993739e-02 8.083365e-02 1.440683e-01 1.812854e-01 1.481442e-01 1.996554e-01 1.735609e-01 2.192446e-01 2.323707e-01 1.840582e-01 1.729418e-02
<GCONST> 7.588013e+01
<STATE> 5
<MEAN> 39
 -1.526568e+01 -8.113585e+00 1.586828e+01 -2.190845e+00 4.766082e+00 -2.672810e+01 -1.150156e+00 3.064183e+00 -6.597734e+00 -1.330582e+01 -4.163748e-01 -1.169136e+00 7.276263e+01 1.928283e-02 -1.907815e-01 -1.100346e+00 4.954680e-01 -1.218720e+00 1.986843e+00 -3.328704e-02 5.916775e-01 -5.607176e-01 8.057482e-01 -2.151418e-01 5.054776e-01 -1.387526e+00 6.857628e-02 9.286465e-02 -2.119263e-01 -8.954612e-02 -3.089464e-02 8.466266e-02 -2.592549e-02 -1.367540e-01 1.984623e-01 4.858478e-02 2.304443e-02 -6.273802e-02 1.582504e-02
<VARIANCE> 39
 1.441565e+01 2.576378e+01 4.536872e+01 1.788988e+01 6.076143e+01 9.087041e+01 2.145710e+01 3.542295e+01 4.076195e+01 3.061117e+01 1.697067e+01 3.347149e+01 3.175603e+01 8.538163e-01 1.312297e+00 2.233834e+00 1.281626e+00 2.693266e+00 1.863436e+00 1.829822e+00 2.398262e+00 2.895484e+00 2.005002e+00 1.405472e+00 1.783259e+00 4.067663e-01 1.205140e-01 1.407629e-01 1.998762e-01 3.085169e-01 5.565761e-01 3.033285e-01 3.909785e-01 3.923048e-01 4.049407e-01 3.760879e-01 2.568607e-01 3.164020e-01 4.822073e-02
<GCONST> 1.045683e+02
<TRANSP> 6
 0.000000e+00 1.000000e+00 0.000000e+00 0.000000e+00 0.000000e+00 0.000000e+00
 0.000000e+00 8.967021e-01 1.032979e-01 0.000000e+00 0.000000e+00 0.000000e+00
 0.000000e+00 0.000000e+00 9.470716e-01 5.292847e-02 0.000000e+00 0.000000e+00
 0.000000e+00 0.000000e+00 0.000000e+00 9.210543e-01 7.894570e-02 0.000000e+00
 0.000000e+00 0.000000e+00 0.000000e+00 0.000000e+00 9.222298e-01 7.777025e-02
 0.000000e+00 0.000000e+00 0.000000e+00 0.000000e+00 0.000000e+00 0.000000e+00
<ENDHMM>
