~o
<STREAMINFO> 1 39
<VECSIZE> 39<NULLD><MFCC_D_A_0><DIAGC>
~h "two"
<BEGINHMM>
<NUMSTATES> 6
<STATE> 2
<MEAN> 39
 -2.023984e+01 -8.883594e+00 7.732814e-01 -8.156876e+00 2.104063e+00 -1.010747e+01 2.197715e-01 -1.204994e+01 -4.211609e+00 2.949832e-01 4.798636e+00 -7.703363e+00 8.995055e+01 7.405417e-01 6.409559e-01 -3.284318e-01 -2.686421e-01 5.968172e-01 -6.610830e-01 9.074660e-02 -1.084399e+00 -1.186290e+00 -3.518470e-01 -4.723849e-02 1.343751e-01 1.204647e+00 4.084151e-01 4.524828e-01 -5.195658e-02 1.914240e-01 -1.138624e-01 -7.119827e-02 2.854696e-02 7.490657e-02 -3.232281e-01 -3.263675e-01 -4.572343e-01 1.696272e-01 -6.227330e-01
<VARIANCE> 39
 2.312473e+01 1.460981e+01 1.712332e+01 1.010668e+01 2.135995e+01 2.435883e+01 1.570759e+01 2.322015e+01 1.902092e+01 1.706256e+01 2.051087e+01 1.455350e+01 4.724829e+01 3.879391e+00 3.949907e+00 1.781303e+00 1.598010e+00 1.933853e+00 5.232869e+00 1.749001e+00 2.035112e+00 3.797869e+00 3.167950e+00 5.778691e+00 2.240697e+00 1.226239e+01 3.555365e-01 3.610441e-01 3.873731e-01 2.712851e-01 5.474093e-01 1.078273e+00 3.661256e-01 3.808931e-01 5.135273e-01 5.112479e-01 5.970245e-01 3.757423e-01 1.679258e+00
<GCONST> 1.159415e+02
<STATE> 3
<MEAN> 39
 -7.195116e+00 5.079123e+00 3.042209e-01 -1.039783e+01 -3.248152e+00 -2.004871e+01 3.893493e+00 -1.580687e+01 -1.819078e+01 -1.090068e+01 -7.318651e+00 -5.068784e+00 9.086626e+01 4.275295e-01 6.165994e-01 4.501359e-01 -5.756984e-01 -5.071070e-01 -1.987085e-01 6.086534e-01 5.148832e-01 -1.373443e-01 -9.396415e-01 -5.890306e-01 -1.951050e-01 -3.275699e-03 -1.546154e-01 -1.756645e-01 1.444417e-01 -1.857388e-01 1.138697e-01 7.989938e-02 1.312828e-01 1.237259e-01 2.951569e-01 -4.627659e-03 2.364306e-01 -8.238316e-02 -1.461696e-01
<VARIANCE> 39
 4.120967e+00 1.318947e+01 1.350104e+01 1.587365e+01 2.040090e+01 4.316896e+01 4.948734e+01 2.976626e+01 2.835865e+01 3.086907e+01 1.586110e+01 2.069906e+01 1.047943e+01 8.400148e-01 1.351497e+00 1.379714e+00 1.939337e+00 2.114920e+00 5.514051e+00 4.577457e+00 3.182940e+00 3.859857e+00 2.841288e+00 2.076586e+00 1.573169e+00 1.286929e+00 1.517733e-01 2.647666e-01 2.558610e-01 4.386100e-01 3.018940e-01 1.126421e+00 8.459699e-01 6.550177e-01 5.893356e-01 5.566231e-01 4.508102e-01 3.039045e-01 2.079562e-01
<GCONST> 1.083680e+02
<STATE> 4
<MEAN> 39
 -7.161098e+00 8.888693e+00 6.963339e+00 -1.838510e+01 6.284436e-02 -1.844013e+01 8.681207e+00 -5.470791e+00 -1.140695e+01 -1.435977e+01 -9.646839e+00 -8.911295e+00 7.827399e+01 -1.964779e-02 -4.342764e-01 -3.501862e-01 -4.136144e-02 9.675705e-02 9.868292e-01 -6.666608e-01 7.847068e-01 6.351719e-01 9.330408e-01 3.331228e-01 2.269394e-01 -1.468802e+00 -2.576343e-02 -1.413311e-01 -2.178741e-01 3.445323e-01 -1.122398e-01 2.799254e-01 -2.660694e-01 1.733826e-02 7.990251e-02 2.664418e-01 1.073623e-01 1.871943e-01 -5.901923e-03
<VARIANCE> 39
 8.229024e+00 3.392865e+01 2.426429e+01 2.871936e+01 3.035381e+01 5.424274e+01 5.204462e+01 2.074262e+01 1.822957e+01 7.517796e+01 2.395270e+01 3.460582e+01 4.658414e+01 1.155268e+00 4.446455e+00 4.402606e+00 5.146945e+00 4.165394e+00 7.243476e+00 5.918035e+00 2.177097e+00 1.973887e+00 5.822556e+00 2.513484e+00 4.270690e+00 1.720126e+00 2.354237e-01 7.854818e-01 8.219522e-01 1.146281e+00 6.532358e-01 1.089299e+00 1.120593e+00 4.813203e-01 3.416761e-01 1.042917e+00 3.688449e-01 7.130488e-01 3.725439e-01
<GCONST> 1.260484e+02
<STATE> 5
<MEAN> 39
 -6.321603e+00 2.668561e+00 2.946554e+00 -3.741359e+00 -1.819520e+00 -1.827160e+00 4.648805e-01 4.899386e-01 -2.894819e+00 -2.680459e+00 -3.181436e+00 -2.939375e+00 6.477316e+01 -4.287627e-01 -2.150763e-01 3.407635e-01 1.723289e+00 4.593943e-01 7.183189e-01 -1.203480e-01 -8.076463e-02 4.867584e-01 3.058738e-01 2.431841e-01 1.420945e-01 -7.172706e-01 -8.262919e-02 5.303424e-02 8.724613e-02 -1.956181e-01 2.101707e-01 -2.241509e-01 8.607105e-02 -1.103819e-01 -1.269143e-01 -1.109570e-01 -9.841779e-02 -1.043022e-01 9.764078e-02
<VARIANCE> 39
 1.130647e+01 1.645040e+01 2.730235e+01 5.018089e+01 2.228262e+01 1.518022e+01 1.297447e+01 1.455589e+01 1.033476e+01 8.839187e+00 9.947793e+00 8.120645e+00 5.260282e+00 1.091085e+00 1.248158e+00 1.900995e+00 3.899293e+00 2.185535e+00 1.382886e+00 1.304722e+00 1.720718e+00 1.253407e+00 1.288503e+00 1.297762e+00 1.002720e+00 8.711633e-01 1.748421e-01 2.934581e-01 4.527156e-01 5.242215e-01 5.151089e-01 3.577145e-01 2.938566e-01 3.744987e-01 2.709282e-01 3.006046e-01 3.271603e-01 2.647533e-01 1.610178e-01
<GCONST> 9.550171e+01
<TRANSP> 6
 0.000000e+00 1.000000e+00 0.000000e+00 0.000000e+00 0.000000e+00 0.000000e+00
 0.000000e+00 8.946591e-01 1.053409e-01 0.000000e+00 0.000000e+00 0.000000e+00
 0.000000e+00 0.000000e+00 9.277989e-01 7.220117e-02 0.000000e+00 0.000000e+00
 0.000000e+00 0.000000e+00 0.000000e+00 9.240626e-01 7.593745e-02 0.000000e+00
 0.000000e+00 0.000000e+00 0.000000e+00 0.000000e+00 8.967809e-01 1.032191e-01
 0.000000e+00 0.000000e+00 0.000000e+00 0.000000e+00 0.000000e+00 0.000000e+00
<ENDHMM>
