~o
<STREAMINFO> 1 39
<VECSIZE> 39<NULLD><MFCC_D_A_0><DIAGC>
~h "multiply"
<BEGINHMM>
<NUMSTATES> 6
<STATE> 2
<MEAN> 39
 -4.812531e+00 6.821378e+00 -3.145755e+00 -1.469168e+01 -2.160341e+00 -1.554879e+01 1.093472e+01 -8.211264e+00 -2.352957e+01 -1.672382e+01 -4.494303e+00 -8.312915e+00 8.175021e+01 -3.963830e-01 7.357655e-03 -2.631629e-02 -1.851019e-01 -1.812831e-01 -1.948272e-01 6.094915e-02 -3.526808e-01 4.517515e-01 -1.225002e-01 3.977815e-01 -2.928320e-01 7.762079e-01 -3.090268e-01 -2.794061e-01 -7.624723e-02 8.498254e-02 -1.130957e-01 1.510468e-01 -1.436472e-01 3.152688e-02 4.118692e-01 2.937976e-01 2.366686e-01 1.228994e-01 1.594552e-02
<VARIANCE> 39
 1.820452e+01 1.296343e+01 4.712914e+01 2.449838e+01 7.970548e+01 3.188555e+01 4.249740e+01 2.130642e+01 4.991081e+01 2.268291e+01 6.242105e+01 3.373170e+01 5.277319e+01 5.419919e+00 2.684056e+00 3.759523e+00 3.149262e+00 6.904017e+00 5.514541e+00 4.563021e+00 2.727468e+00 1.255668e+01 3.788473e+00 7.233637e+00 3.225324e+00 6.324266e+00 5.845481e-01 6.395859e-01 6.211450e-01 5.247656e-01 9.935295e-01 8.941170e-01 6.267418e-01 5.836896e-01 1.721191e+00 7.030985e-01 1.248094e+00 6.035035e-01 6.572559e-01
<GCONST> 1.339166e+02
<STATE> 3
<MEAN> 39
 -1.209377e+01 -1.724726e+00 -1.263468e+00 -7.745027e+00 -2.792042e-01 -1.601241e+01 -2.102601e+00 -9.361471e+00 -3.917960e+00 -8.017692e+00 7.341309e-01 -3.876489e+00 8.091361e+01 3.202043e-01 -1.786958e-02 -3.163575e-01 -2.283282e-01 -1.264213e-01 -1.436899e-01 9.562171e-03 1.071550e-01 1.378104e-01 -8.288378e-02 1.324331e-01 3.828872e-01 2.177309e-01 1.193093e-01 4.592225e-02 -9.265429e-03 -2.029222e-02 1.073967e-01 -4.019102e-02 6.924915e-02 2.067650e-02 -1.004137e-01 -8.942477e-02 -6.394463e-02 -1.123307e-02 -7.397970e-02
<VARIANCE> 39
 3.156034e+01 5.557412e+01 1.794265e+01 4.494238e+01 3.839693e+01 9.818060e+01 3.382261e+01 2.124648e+01 1.870775e+01 3.931468e+01 3.179009e+01 2.545217e+01 9.712013e+01 2.911967e+00 7.479142e+00 2.219028e+00 2.180152e+00 3.455934e+00 6.817730e+00 2.904970e+00 2.224806e+00 2.930714e+00 5.202099e+00 3.729756e+00 2.042112e+00 6.194765e+00 6.582536e-01 1.308711e+00 4.192413e-01 3.361200e-01 5.550119e-01 1.006110e+00 5.171872e-01 4.445704e-01 8.030708e-01 8.438945e-01 7.472918e-01 4.282219e-01 8.607167e-01
<GCONST> 1.289456e+02
<STATE> 4
<MEAN> 39
 -6.916809e+00 -1.066934e+00 -1.147729e+01 -2.047962e+01 8.555472e+00 -1.337601e+01 9.384736e-01 -1.027530e+01 1.060917e+01 -1.827646e+01 4.254781e+00 1.168713e+00 8.953327e+01 -1.791115e-01 -3.291707e-01 2.432873e-01 3.136833e-01 6.803877e-01 -2.844298e-01 -6.127314e-01 -1.527171e-01 9.000428e-01 7.338449e-02 1.721574e-01 -4.906255e-01 -3.232800e-01 -7.904754e-02 1.017632e-01 2.036832e-01 1.344340e-01 -1.472401e-01 -9.785409e-02 -6.464301e-02 1.661714e-02 -1.473271e-01 2.745403e-02 -5.997830e-02 -6.930826e-02 -7.993965e-02
<VARIANCE> 39
 4.025832e+00 1.230815e+01 1.482843e+01 1.103011e+01 4.121529e+01 2.476948e+01 1.938409e+01 1.804427e+01 4.537233e+01 2.468926e+01 1.499025e+01 3.221495e+01 1.117475e+01 3.115842e-01 7.267140e-01 1.488843e+00 1.276185e+00 1.913352e+00 1.975235e+00 1.013836e+00 1.039778e+00 2.058830e+00 1.735146e+00 1.045368e+00 1.163051e+00 2.691657e-01 5.475165e-02 1.170273e-01 1.409169e-01 1.724508e-01 2.666866e-01 2.170954e-01 1.526270e-01 2.215452e-01 2.308952e-01 2.731009e-01 1.962406e-01 1.958052e-01 4.082649e-02
<GCONST> 8.554823e+01
<STATE> 5
<MEAN> 39
 -1.308403e+01 -8.642815e+00 5.046074e+00 -3.262204e+00 3.055869e+00 -2.415424e+01 -7.681038e+00 7.912962e-01 4.718273e+00 -1.089551e+01 -5.916001e-02 -3.864847e+00 7.431342e+01 -1.443725e-01 -3.383400e-01 2.454120e-01 7.678701e-01 -6.720192e-01 2.654654e-01 1.109022e-01 8.807910e-01 -7.351243e-01 3.610292e-01 -4.443417e-01 2.607724e-01 -1.077975e+00 4.365892e-02 6.413158e-02 -1.163110e-01 -1.206712e-01 5.383376e-02 1.818631e-01 4.579773e-02 -1.004934e-01 -2.457657e-03 -2.687398e-03 -3.969610e-03 1.415052e-02 9.090325e-03
<VARIANCE> 39
 7.198071e+00 3.375707e+01 4.463251e+01 4.527815e+01 7.613068e+01 4.479599e+01 2.063940e+01 9.005952e+01 5.536698e+01 4.066693e+01 3.157176e+01 3.435270e+01 5.690483e+01 8.971989e-01 1.782199e+00 2.443476e+00 1.742844e+00 3.440263e+00 3.752950e+00 1.682297e+00 3.227385e+00 1.997928e+00 3.251658e+00 1.860685e+00 1.503879e+00 4.234885e-01 1.414842e-01 2.138424e-01 1.974981e-01 2.804127e-01 5.375430e-01 4.638229e-01 2.799124e-01 4.578947e-01 3.569970e-01 6.505382e-01 3.653610e-01 2.449422e-01 7.767341e-02
<GCONST> 1.111389e+02
<TRANSP> 6
 0.000000e+00 1.000000e+00 0.000000e+00 0.000000e+00 0.000000e+00 0.000000e+00
 0.000000e+00 9.553593e-01 4.464073e-02 0.000000e+00 0.000000e+00 0.000000e+00
 0.000000e+00 0.000000e+00 9.730892e-01 2.691082e-02 0.000000e+00 0.000000e+00
 0.000000e+00 0.000000e+00 0.000000e+00 9.430330e-01 5.696701e-02 0.000000e+00
 0.000000e+00 0.000000e+00 0.000000e+00 0.000000e+00 9.523459e-01 4.765409e-02
 0.000000e+00 0.000000e+00 0.000000e+00 0.000000e+00 0.000000e+00 0.000000e+00
<ENDHMM>
