~o
<STREAMINFO> 1 39
<VECSIZE> 39<NULLD><MFCC_D_A_0><DIAGC>
~h "seven"
<BEGINHMM>
<NUMSTATES> 6
<STATE> 2
<MEAN> 39
 -2.639255e+01 -7.994790e+00 3.044821e+00 -2.050541e+01 1.056336e+01 -1.536580e+01 4.629957e+00 -8.414766e+00 3.885537e+00 -3.612717e+00 1.882658e+00 -4.558703e+00 8.751944e+01 -5.207472e-02 2.461982e-01 4.305411e-02 2.801565e-02 2.651689e-01 -7.992562e-01 -6.453939e-02 -5.365167e-01 -1.731458e-01 -3.843413e-01 6.564531e-02 -1.777574e-01 1.158718e+00 2.492287e-01 1.859110e-01 -1.537345e-01 2.082072e-01 -1.901406e-01 -1.285574e-02 -2.021068e-01 1.874130e-02 -1.722201e-01 -5.017053e-02 -2.305770e-02 6.773268e-02 -1.594137e-01
<VARIANCE> 39
 6.254831e+01 1.777029e+01 1.702227e+01 2.461289e+01 2.788814e+01 3.021981e+01 3.233914e+01 2.028336e+01 1.133301e+01 1.654553e+01 1.265708e+01 1.027857e+01 4.025545e+01 8.329067e+00 2.847579e+00 2.198282e+00 3.315426e+00 2.961890e+00 2.659690e+00 4.484646e+00 3.405982e+00 2.418635e+00 1.946203e+00 1.433765e+00 1.342149e+00 2.887885e+00 6.990671e-01 4.732543e-01 3.855558e-01 4.716873e-01 2.637266e-01 4.751708e-01 4.400950e-01 6.021181e-01 3.553041e-01 3.825034e-01 3.025134e-01 2.930146e-01 2.568613e-01
<GCONST> 1.129617e+02
<STATE> 3
<MEAN> 39
 -6.329991e+00 3.133336e-02 -5.673090e+00 -1.470492e+01 5.886939e-01 -2.330147e+01 -6.410416e+00 -1.555231e+01 -4.157506e+00 -8.617166e+00 1.538005e+00 -2.788736e+00 9.463479e+01 1.179218e+00 1.874760e-01 -8.426259e-01 -2.113514e-01 -4.949633e-01 -5.353677e-01 2.289832e-01 8.509493e-02 -3.389941e-01 -7.885745e-01 2.163327e-01 5.197369e-01 -1.287269e-01 -4.584584e-01 -2.182528e-01 2.759365e-01 -5.963422e-02 4.070109e-01 1.981677e-01 5.580228e-01 1.863790e-01 8.171170e-02 -2.008811e-01 -3.743983e-02 -7.302772e-02 -4.165371e-01
<VARIANCE> 39
 2.634356e+00 5.788820e+00 1.390537e+01 9.006121e+00 8.239638e+00 2.429638e+01 1.149714e+01 2.054143e+01 1.873967e+01 3.741745e+01 1.281875e+01 2.379899e+01 4.996630e+00 1.911756e+00 8.467149e-01 1.293614e+00 8.817875e-01 1.649447e+00 1.738889e+00 2.519740e+00 2.549645e+00 2.883525e+00 4.148214e+00 1.369541e+00 1.963228e+00 1.761734e+00 5.891027e-01 2.626494e-01 1.930880e-01 2.407860e-01 1.251689e-01 4.212236e-01 3.291991e-01 6.916520e-01 8.321908e-01 7.689014e-01 3.000462e-01 3.950787e-01 1.028075e-01
<GCONST> 9.723114e+01
<STATE> 4
<MEAN> 39
 -4.841570e+00 -5.760077e-01 1.059224e-01 -1.408547e+01 7.069970e+00 -2.173786e+01 2.134686e+00 -1.572377e+01 -8.275734e+00 -1.613955e+01 3.900747e+00 -2.839127e+00 8.565954e+01 -8.363540e-02 1.204191e-01 6.183615e-01 3.261229e-01 7.184069e-01 4.195952e-01 1.486164e-01 4.226385e-02 -8.622329e-02 1.846080e-01 1.387680e-01 -4.384294e-02 -6.357256e-01 1.642913e-02 -2.654113e-02 -5.266866e-02 1.275065e-01 -1.413614e-02 7.948548e-02 -1.689153e-01 1.081488e-01 4.835537e-03 1.975280e-01 -1.112751e-01 4.741704e-02 1.680176e-02
<VARIANCE> 39
 1.143086e+01 2.346313e+01 2.500165e+01 2.433957e+01 1.885665e+01 4.303273e+01 2.041687e+01 2.423271e+01 2.397289e+01 4.712542e+01 6.797450e+01 3.137958e+01 3.064329e+01 1.488076e+00 2.180447e+00 1.905288e+00 3.904858e+00 2.145014e+00 5.050996e+00 2.015663e+00 2.251244e+00 2.537515e+00 4.509751e+00 6.017427e+00 4.293324e+00 5.018176e+00 3.617913e-01 4.008442e-01 3.779429e-01 6.249688e-01 3.510612e-01 8.989915e-01 3.819412e-01 4.600833e-01 4.858461e-01 7.429819e-01 9.053131e-01 9.482896e-01 5.941978e-01
<GCONST> 1.211235e+02
<STATE> 5
<MEAN> 39
 -4.729015e+00 8.314992e-01 3.770975e+00 -3.308406e-01 1.058232e+01 -6.600668e+00 -3.804766e+00 -8.684546e+00 -1.012220e+01 -5.309696e+00 -1.036939e+00 -2.945563e+00 6.942726e+01 -4.368864e-01 -3.555203e-01 -3.386616e-01 5.775331e-01 -8.798214e-01 1.091455e+00 -3.186060e-01 5.671619e-01 2.121852e-01 6.984911e-01 -3.683620e-01 -7.669295e-02 -1.082023e+00 -1.197567e-01 -1.449982e-02 -4.015446e-02 -2.162231e-01 -1.593361e-01 -1.233276e-01 1.014189e-01 -7.954380e-02 1.249265e-01 -5.235637e-02 1.941378e-01 -2.464264e-02 9.084111e-02
<VARIANCE> 39
 1.840318e+01 7.053863e+00 8.716033e+00 2.255669e+01 3.193566e+01 4.901763e+01 1.330749e+01 1.825412e+01 3.062511e+01 1.828520e+01 1.945008e+01 1.627683e+01 2.674279e+01 1.715376e+00 7.638190e-01 1.055385e+00 3.218861e+00 1.526852e+00 2.041102e+00 1.687943e+00 1.763824e+00 2.831052e+00 1.187894e+00 2.730251e+00 2.043407e+00 4.892609e-01 2.251160e-01 1.569134e-01 2.219988e-01 4.391851e-01 3.341737e-01 3.720915e-01 3.065445e-01 3.271471e-01 3.799907e-01 2.461427e-01 4.925110e-01 4.045711e-01 1.123201e-01
<GCONST> 9.975813e+01
<TRANSP> 6
 0.000000e+00 1.000000e+00 0.000000e+00 0.000000e+00 0.000000e+00 0.000000e+00
 0.000000e+00 9.492385e-01 5.076149e-02 0.000000e+00 0.000000e+00 0.000000e+00
 0.000000e+00 0.000000e+00 8.820050e-01 1.179950e-01 0.000000e+00 0.000000e+00
 0.000000e+00 0.000000e+00 0.000000e+00 9.486482e-01 5.135179e-02 0.000000e+00
 0.000000e+00 0.000000e+00 0.000000e+00 0.000000e+00 9.326670e-01 6.733300e-02
 0.000000e+00 0.000000e+00 0.000000e+00 0.000000e+00 0.000000e+00 0.000000e+00
<ENDHMM>
