~o
<STREAMINFO> 1 39
<VECSIZE> 39<NULLD><MFCC_D_A_0><DIAGC>
~h "sil"
<BEGINHMM>
<NUMSTATES> 6
<STATE> 2
<MEAN> 39
 -1.558951e+01 -3.384756e+00 -4.509116e-01 -4.583828e+00 1.939559e+00 -3.063153e+00 -2.112182e+00 -3.654719e+00 -3.734724e+00 -2.724180e+00 -6.040084e-02 -1.837516e+00 6.193982e+01 2.888023e-02 -4.301248e-03 -7.670449e-02 9.907102e-02 -1.109394e-01 1.220359e-01 -1.894623e-02 -5.400639e-03 3.845415e-02 -4.480865e-02 -7.180198e-02 -3.128335e-02 -9.185933e-02 1.657009e-02 -6.557871e-03 4.628327e-03 2.256992e-02 -3.601580e-02 -2.707138e-02 -2.743334e-03 -1.743207e-02 3.704187e-02 -4.426918e-03 5.728049e-03 -1.198743e-02 2.856513e-02
<VARIANCE> 39
 2.263411e+01 2.433170e+01 3.645005e+01 4.175610e+01 2.544650e+01 3.075201e+01 2.353639e+01 3.408701e+01 2.444541e+01 2.036871e+01 2.330894e+01 2.011590e+01 1.684919e+01 1.253813e+00 1.328824e+00 1.642297e+00 2.032793e+00 2.148333e+00 2.224842e+00 2.160812e+00 2.202906e+00 2.124564e+00 2.001498e+00 1.599078e+00 1.531713e+00 1.695565e+00 2.225697e-01 2.330559e-01 2.953299e-01 3.431402e-01 4.018572e-01 3.937933e-01 4.143799e-01 4.082844e-01 4.179920e-01 3.912021e-01 3.039666e-01 2.944185e-01 3.212733e-01
<GCONST> 1.073347e+02
<STATE> 3
<MEAN> 39
 -1.551853e+01 -2.474370e+00 -1.245184e+00 -3.222739e+00 -4.564128e-01 -3.540810e+00 -2.004246e+00 -3.049866e+00 -2.188864e+00 -2.761003e+00 -1.325255e+00 -2.205266e+00 5.995488e+01 2.770029e-02 -3.523885e-02 3.560502e-03 2.487047e-02 -2.581333e-02 -1.850703e-03 2.787060e-02 -1.030195e-02 3.314062e-02 -2.703718e-02 -8.838709e-03 -1.955099e-02 5.101671e-02 1.492097e-03 -2.330997e-03 9.599384e-03 -1.439410e-02 9.013416e-03 -3.572389e-03 -8.456602e-03 6.058285e-05 -1.327566e-02 6.613633e-03 4.410862e-03 2.071488e-03 1.092256e-02
<VARIANCE> 39
 5.861305e+00 4.565403e+00 7.222572e+00 1.011179e+01 8.873490e+00 1.080643e+01 1.025313e+01 1.277628e+01 1.090320e+01 1.074958e+01 1.073006e+01 9.508233e+00 3.735345e+00 1.699415e-01 2.227058e-01 3.908575e-01 6.102592e-01 8.154944e-01 9.133019e-01 1.044304e+00 1.086110e+00 1.146045e+00 1.083743e+00 1.051075e+00 9.085425e-01 8.218570e-02 3.327902e-02 4.536150e-02 8.114053e-02 1.201489e-01 1.622013e-01 1.872593e-01 2.195208e-01 2.213731e-01 2.343132e-01 2.268730e-01 2.209545e-01 1.882322e-01 1.326626e-02
<GCONST> 6.411423e+01
<STATE> 4
<MEAN> 39
 -1.427740e+01 -4.354672e+00 -1.122164e+00 -2.802501e+00 -2.313209e+00 -2.472756e+00 -3.123595e+00 -1.721819e+00 -3.032238e+00 -1.951375e+00 -2.399537e+00 -1.561984e+00 5.905267e+01 -3.833077e-03 3.003428e-03 -8.534761e-03 1.096202e-02 -2.143016e-02 2.230782e-02 -2.490934e-02 9.169285e-03 -4.457889e-03 2.130360e-02 4.790405e-04 9.874357e-03 -3.822413e-02 6.271740e-04 3.626666e-03 4.542705e-03 -2.593128e-03 9.415770e-03 -3.728408e-03 6.212493e-03 5.681499e-03 -1.086427e-03 2.101661e-04 2.800763e-04 1.014891e-03 5.095091e-03
<VARIANCE> 39
 1.933747e+00 2.325315e+00 2.866516e+00 4.735107e+00 5.257646e+00 6.304896e+00 7.062084e+00 7.681292e+00 7.845160e+00 7.720731e+00 7.167732e+00 6.599295e+00 1.546591e+00 6.301880e-02 1.302774e-01 2.304536e-01 3.467990e-01 4.641878e-01 5.796404e-01 6.737681e-01 7.533687e-01 7.771964e-01 7.973214e-01 7.348718e-01 6.354160e-01 1.981411e-02 1.290639e-02 2.695919e-02 4.831377e-02 7.134628e-02 9.569051e-02 1.197958e-01 1.388969e-01 1.554112e-01 1.603587e-01 1.649968e-01 1.531083e-01 1.275761e-01 3.917495e-03
<GCONST> 4.214998e+01
<STATE> 5
<MEAN> 39
 -1.531944e+01 -2.431517e+00 5.527687e-01 -4.626143e+00 1.996991e+00 -4.203075e+00 -9.611916e-01 -3.430230e+00 -2.725869e+00 -2.944721e+00 -1.225610e+00 -2.755051e+00 6.397205e+01 5.368287e-02 4.224589e-02 3.556006e-01 -5.525147e-01 5.143036e-01 -6.036859e-01 1.662449e-01 -3.873775e-01 -1.634263e-01 -1.840447e-01 6.341694e-03 -2.492719e-01 1.232116e+00 1.682626e-02 6.552946e-03 3.717158e-02 -9.639124e-02 3.711194e-02 -1.614072e-01 2.388465e-03 -1.161179e-01 -2.902930e-02 -1.187434e-01 2.030584e-02 -6.763496e-02 3.079490e-01
<VARIANCE> 39
 2.235366e+01 2.793503e+01 2.604003e+01 4.178522e+01 2.800198e+01 4.041417e+01 2.279018e+01 2.829583e+01 2.528369e+01 2.029471e+01 2.167404e+01 1.535639e+01 4.221701e+01 2.709879e+00 3.188194e+00 2.734261e+00 3.610138e+00 3.108325e+00 4.412150e+00 2.434035e+00 2.645658e+00 2.887665e+00 2.630368e+00 2.386442e+00 1.548828e+00 6.534398e+00 4.422901e-01 5.364103e-01 4.975055e-01 6.580051e-01 5.700554e-01 7.593708e-01 5.008346e-01 4.788336e-01 4.794985e-01 4.890454e-01 4.267569e-01 2.887560e-01 9.866907e-01
<GCONST> 1.201586e+02
<TRANSP> 6
 0.000000e+00 6.148835e-01 3.851165e-01 0.000000e+00 0.000000e+00 0.000000e+00
 0.000000e+00 9.221166e-01 7.548203e-02 2.401337e-03 0.000000e+00 0.000000e+00
 0.000000e+00 0.000000e+00 9.508437e-01 3.272919e-02 1.642713e-02 0.000000e+00
 0.000000e+00 0.000000e+00 0.000000e+00 9.706857e-01 1.085252e-02 1.846184e-02
 0.000000e+00 0.000000e+00 0.000000e+00 0.000000e+00 8.972329e-01 1.027671e-01
 0.000000e+00 0.000000e+00 0.000000e+00 0.000000e+00 0.000000e+00 0.000000e+00
<ENDHMM>
