~o
<STREAMINFO> 1 39
<VECSIZE> 39<NULLD><MFCC_D_A_0><DIAGC>
~h "divide"
<BEGINHMM>
<NUMSTATES> 6
<STATE> 2
<MEAN> 39
 -9.253331e+00 2.898237e+00 5.337907e+00 -6.161983e+00 6.655092e+00 -1.780207e+01 -8.142203e+00 -9.774437e+00 -8.973259e+00 -1.548033e+01 -4.152458e+00 -9.068969e+00 8.191541e+01 9.089127e-01 1.815562e-01 -6.113691e-01 -5.454347e-01 -2.241935e-01 -2.099219e-01 1.383313e-01 -1.663616e-01 -7.429796e-01 -1.655694e-01 2.925860e-01 1.048648e-01 4.639233e-01 1.808725e-02 -8.784571e-02 -2.186247e-01 -6.606190e-02 -9.467652e-02 1.943965e-01 1.593306e-01 3.720952e-02 1.021552e-01 1.897193e-01 6.551436e-02 7.321455e-02 -1.923922e-01
<VARIANCE> 39
 3.845283e+01 3.087526e+01 4.361755e+01 6.363528e+01 3.182171e+01 6.462663e+01 5.094175e+01 3.259931e+01 3.594365e+01 2.700218e+01 2.919147e+01 2.136181e+01 1.550412e+01 4.263645e+00 2.898524e+00 3.396686e+00 5.354456e+00 3.174888e+00 7.760314e+00 5.280590e+00 1.939918e+00 3.609655e+00 4.011679e+00 3.051104e+00 2.282418e+00 2.432957e+00 8.621521e-01 3.864757e-01 2.654435e-01 8.188542e-01 3.449006e-01 9.728457e-01 7.117631e-01 3.797236e-01 8.269101e-01 6.807892e-01 5.084260e-01 3.877159e-01 5.685618e-01
<GCONST> 1.264435e+02
<STATE> 3
<MEAN> 39
 -1.517650e+00 -2.255377e+00 -1.687929e+01 -1.851322e+01 1.018863e+00 -1.393604e+01 1.669005e+00 -1.041823e+01 -4.168263e+00 -1.408216e+01 5.816246e+00 -4.787989e+00 8.821877e+01 -2.361304e-01 -1.493472e-01 -4.598586e-02 3.248289e-01 7.650965e-01 -3.596723e-01 -3.472069e-01 2.380669e-01 1.140538e+00 7.614166e-03 4.849884e-01 -2.419643e-01 4.364803e-02 -1.141768e-01 4.937133e-02 2.901697e-01 9.939243e-02 4.763664e-02 -1.298786e-01 -1.827672e-01 5.990227e-02 -3.949481e-02 -6.526370e-02 -1.654332e-02 -2.227929e-02 -5.120767e-02
<VARIANCE> 39
 2.993660e+00 7.409591e+00 1.874294e+01 7.245784e+00 3.766352e+01 3.330151e+01 2.667887e+01 2.988338e+01 5.623716e+01 2.405804e+01 3.416716e+01 1.350289e+01 3.830463e+00 2.910273e-01 5.503224e-01 2.795804e+00 6.886199e-01 1.125930e+00 2.488393e+00 1.934174e+00 1.045265e+00 1.232825e+00 1.409416e+00 1.487761e+00 9.637527e-01 7.967636e-02 2.854171e-02 1.128567e-01 1.347968e-01 1.019274e-01 1.793978e-01 2.293767e-01 1.318458e-01 1.650859e-01 2.341852e-01 2.491042e-01 2.885692e-01 1.573960e-01 2.168627e-02
<GCONST> 8.032323e+01
<STATE> 4
<MEAN> 39
 -1.023693e+01 -2.668905e+00 3.781829e+00 -7.358311e+00 1.100724e+01 -2.923446e+01 -1.315507e+01 -5.340842e+00 9.663555e-01 -1.523711e+01 9.371396e+00 -6.807623e+00 8.547678e+01 -5.761705e-01 5.055794e-01 1.991191e+00 1.131064e+00 3.161953e-01 -2.087056e-02 -2.064077e-01 -2.058811e-01 -1.357537e+00 -4.696474e-01 -1.315754e+00 1.953767e-01 -1.276006e+00 1.887240e-01 4.151825e-02 -5.805323e-01 -2.195296e-01 -1.381004e-01 7.200988e-01 4.747262e-01 -1.387979e-01 -1.067025e-01 2.461965e-01 -1.645633e-01 1.261857e-01 -3.834032e-01
<VARIANCE> 39
 5.476388e+00 1.794265e+01 5.506116e+01 1.762379e+01 1.349454e+01 1.909142e+01 1.802911e+01 2.375711e+01 3.301690e+01 1.746535e+01 2.177265e+01 1.186959e+01 1.370945e+01 5.082965e-01 9.000016e-01 3.288926e+00 7.616934e-01 1.168373e+00 5.508238e+00 4.095814e+00 1.414903e+00 1.172878e+00 1.626908e+00 1.652856e+00 9.412065e-01 1.674060e+00 2.844020e-02 2.460233e-01 4.388869e-01 1.690705e-01 4.277643e-01 3.227276e-01 3.129060e-01 2.875212e-01 3.407532e-01 5.052504e-01 2.441404e-01 2.324611e-01 1.147608e-01
<GCONST> 9.589746e+01
<STATE> 5
<MEAN> 39
 -1.628647e+01 -6.396248e+00 1.562615e+00 -9.569683e+00 1.408154e+00 -1.187740e+01 -6.876153e+00 -7.895428e+00 -2.432692e+00 -5.114774e+00 3.967423e-01 -3.557238e+00 7.178482e+01 -3.297778e-01 -4.957896e-01 -3.685593e-01 -2.810327e-01 -6.656037e-01 9.426219e-01 1.608859e-01 2.792384e-01 2.414267e-01 9.593605e-01 -9.893202e-02 2.113705e-01 -7.074176e-01 -2.015084e-02 2.433929e-02 1.182297e-01 7.359968e-02 3.886497e-02 -1.624766e-01 -1.002132e-01 5.513571e-02 2.083165e-02 -8.185580e-02 1.761901e-02 -2.772672e-02 1.063115e-01
<VARIANCE> 39
 3.859361e+01 2.491629e+01 1.739698e+01 2.616345e+01 2.756529e+01 2.989006e+01 2.071756e+01 1.934980e+01 2.129932e+01 3.578460e+01 2.231168e+01 2.316488e+01 7.489616e+01 4.332895e+00 1.849055e+00 3.987633e+00 3.275403e+00 2.960392e+00 5.746615e+00 3.058746e+00 2.556873e+00 1.943946e+00 4.739877e+00 2.197321e+00 2.823648e+00 1.309270e+01 8.593687e-01 3.633319e-01 7.534143e-01 6.727894e-01 5.063565e-01 8.708718e-01 7.421183e-01 4.380182e-01 3.988354e-01 7.983108e-01 4.918057e-01 5.329506e-01 2.278965e+00
<GCONST> 1.252879e+02
<TRANSP> 6
 0.000000e+00 1.000000e+00 0.000000e+00 0.000000e+00 0.000000e+00 0.000000e+00
 0.000000e+00 9.486645e-01 5.133548e-02 0.000000e+00 0.000000e+00 0.000000e+00
 0.000000e+00 0.000000e+00 9.439322e-01 5.606784e-02 0.000000e+00 0.000000e+00
 0.000000e+00 0.000000e+00 0.000000e+00 8.934187e-01 1.065813e-01 0.000000e+00
 0.000000e+00 0.000000e+00 0.000000e+00 0.000000e+00 9.447582e-01 5.524178e-02
 0.000000e+00 0.000000e+00 0.000000e+00 0.000000e+00 0.000000e+00 0.000000e+00
<ENDHMM>
