~o
<STREAMINFO> 1 39
<VECSIZE> 39<NULLD><MFCC_D_A_0><DIAGC>
~h "multiply"
<BEGINHMM>
<NUMSTATES> 6
<STATE> 2
<MEAN> 39
 -4.812230e+00 6.821506e+00 -3.145476e+00 -1.469174e+01 -2.160189e+00 -1.554916e+01 1.093503e+01 -8.211129e+00 -2.352989e+01 -1.672375e+01 -4.494081e+00 -8.312623e+00 8.174975e+01 -3.963506e-01 7.326548e-03 -2.632405e-02 -1.850946e-01 -1.812861e-01 -1.948429e-01 6.093348e-02 -3.526637e-01 4.517254e-01 -1.224698e-01 3.977758e-01 -2.927942e-01 7.761733e-01 -3.090368e-01 -2.794117e-01 -7.624660e-02 8.497184e-02 -1.130977e-01 1.510410e-01 -1.436496e-01 3.151720e-02 4.118811e-01 2.937930e-01 2.366718e-01 1.228885e-01 1.594813e-02
<VARIANCE> 39
 1.820312e+01 1.296236e+01 4.712698e+01 2.450021e+01 7.970682e+01 3.188664e+01 4.249661e+01 2.130500e+01 4.990811e+01 2.268052e+01 6.242374e+01 3.373098e+01 5.277026e+01 5.419704e+00 2.684053e+00 3.759444e+00 3.149418e+00 6.904019e+00 5.514766e+00 4.562814e+00 2.727240e+00 1.255641e+01 3.788151e+00 7.233781e+00 3.225423e+00 6.324063e+00 5.845187e-01 6.395658e-01 6.211419e-01 5.247790e-01 9.935160e-01 8.941783e-01 6.266583e-01 5.836244e-01 1.721079e+00 7.030107e-01 1.248130e+00 6.035402e-01 6.572322e-01
<GCONST> 1.339157e+02
<STATE> 3
<MEAN> 39
 -1.209381e+01 -1.724795e+00 -1.263299e+00 -7.744964e+00 -2.790200e-01 -1.601234e+01 -2.102429e+00 -9.361074e+00 -3.917679e+00 -8.017794e+00 7.340904e-01 -3.876677e+00 8.091325e+01 3.201790e-01 -1.785669e-02 -3.163496e-01 -2.283331e-01 -1.264127e-01 -1.436848e-01 9.573365e-03 1.071349e-01 1.378171e-01 -8.289773e-02 1.324504e-01 3.828679e-01 2.177392e-01 1.193096e-01 4.592145e-02 -9.269545e-03 -2.028277e-02 1.074005e-01 -4.018844e-02 6.924740e-02 2.068314e-02 -1.004132e-01 -8.941185e-02 -6.394464e-02 -1.123077e-02 -7.398223e-02
<VARIANCE> 39
 3.155846e+01 5.557712e+01 1.794328e+01 4.494350e+01 3.839715e+01 9.817993e+01 3.382157e+01 2.124640e+01 1.870741e+01 3.931565e+01 3.179070e+01 2.545249e+01 9.712030e+01 2.911905e+00 7.479402e+00 2.219034e+00 2.180079e+00 3.455920e+00 6.817513e+00 2.904907e+00 2.224786e+00 2.930942e+00 5.201839e+00 3.729850e+00 2.042148e+00 6.194835e+00 6.582254e-01 1.308749e+00 4.192334e-01 3.361064e-01 5.549971e-01 1.006065e+00 5.171868e-01 4.445781e-01 8.031099e-01 8.438551e-01 7.472997e-01 4.282362e-01 8.607348e-01
<GCONST> 1.289456e+02
<STATE> 4
<MEAN> 39
 -6.916875e+00 -1.066951e+00 -1.147711e+01 -2.047941e+01 8.555882e+00 -1.337656e+01 9.387479e-01 -1.027538e+01 1.060899e+01 -1.827633e+01 4.255028e+00 1.168149e+00 8.953294e+01 -1.791177e-01 -3.291737e-01 2.432901e-01 3.136829e-01 6.803825e-01 -2.844412e-01 -6.127112e-01 -1.526999e-01 9.000100e-01 7.337951e-02 1.721424e-01 -4.906453e-01 -3.232702e-01 -7.904661e-02 1.017666e-01 2.036913e-01 1.344321e-01 -1.472507e-01 -9.785426e-02 -6.465293e-02 1.661677e-02 -1.473398e-01 2.744482e-02 -5.998832e-02 -6.929468e-02 -7.993808e-02
<VARIANCE> 39
 4.025987e+00 1.230877e+01 1.482957e+01 1.102900e+01 4.121537e+01 2.476936e+01 1.938297e+01 1.804586e+01 4.536916e+01 2.468985e+01 1.498951e+01 3.221378e+01 1.117549e+01 3.115830e-01 7.266724e-01 1.488834e+00 1.276113e+00 1.913270e+00 1.975070e+00 1.013829e+00 1.039851e+00 2.059001e+00 1.734990e+00 1.045422e+00 1.162981e+00 2.691805e-01 5.475169e-02 1.170252e-01 1.409241e-01 1.724420e-01 2.666527e-01 2.170698e-01 1.526255e-01 2.215624e-01 2.309077e-01 2.730772e-01 1.962599e-01 1.957969e-01 4.082836e-02
<GCONST> 8.554797e+01
<STATE> 5
<MEAN> 39
 -1.308396e+01 -8.642913e+00 5.046267e+00 -3.262091e+00 3.055170e+00 -2.415391e+01 -7.680978e+00 7.910140e-01 4.717530e+00 -1.089573e+01 -5.945569e-02 -3.864400e+00 7.431312e+01 -1.443752e-01 -3.383348e-01 2.454087e-01 7.678635e-01 -6.720518e-01 2.654710e-01 1.109011e-01 8.807849e-01 -7.350909e-01 3.610283e-01 -4.443488e-01 2.607863e-01 -1.077958e+00 4.365824e-02 6.412912e-02 -1.163132e-01 -1.206699e-01 5.384128e-02 1.818543e-01 4.579832e-02 -1.004896e-01 -2.453737e-03 -2.692123e-03 -3.960874e-03 1.414883e-02 9.089385e-03
<VARIANCE> 39
 7.198624e+00 3.375701e+01 4.463111e+01 4.527674e+01 7.613560e+01 4.479705e+01 2.064143e+01 9.006072e+01 5.536822e+01 4.066680e+01 3.157294e+01 3.435418e+01 5.690403e+01 8.972954e-01 1.782245e+00 2.443492e+00 1.742928e+00 3.440356e+00 3.753184e+00 1.682403e+00 3.227442e+00 1.998014e+00 3.251727e+00 1.860760e+00 1.503847e+00 4.235845e-01 1.415078e-01 2.138595e-01 1.974986e-01 2.804370e-01 5.375624e-01 4.639079e-01 2.799203e-01 4.579208e-01 3.570150e-01 6.505615e-01 3.653696e-01 2.449382e-01 7.769536e-02
<GCONST> 1.111409e+02
<TRANSP> 6
 0.000000e+00 1.000000e+00 0.000000e+00 0.000000e+00 0.000000e+00 0.000000e+00
 0.000000e+00 9.553592e-01 4.464089e-02 0.000000e+00 0.000000e+00 0.000000e+00
 0.000000e+00 0.000000e+00 9.730894e-01 2.691060e-02 0.000000e+00 0.000000e+00
 0.000000e+00 0.000000e+00 0.000000e+00 9.430329e-01 5.696708e-02 0.000000e+00
 0.000000e+00 0.000000e+00 0.000000e+00 0.000000e+00 9.523466e-01 4.765347e-02
 0.000000e+00 0.000000e+00 0.000000e+00 0.000000e+00 0.000000e+00 0.000000e+00
<ENDHMM>
