~o
<STREAMINFO> 1 39
<VECSIZE> 39<NULLD><MFCC_D_A_0><DIAGC>
~h "zero"
<BEGINHMM>
<NUMSTATES> 6
<STATE> 2
<MEAN> 39
 -2.529332e+01 -8.345621e+00 1.008134e+01 -1.912559e+01 1.164132e+01 -1.575109e+01 -4.549296e-01 -1.197511e+01 2.033223e+00 -8.311881e+00 1.079818e-01 -8.781697e+00 8.148514e+01 1.378698e+00 2.068976e-01 3.203956e-01 8.041933e-01 1.155411e-01 -1.739829e+00 -9.953499e-01 -9.879813e-01 -9.276316e-01 -6.225719e-01 -6.399314e-01 -7.557386e-01 1.600469e+00 5.395158e-01 1.671901e-01 -2.960465e-01 4.944098e-01 -3.906780e-01 -6.183068e-02 -2.255229e-01 1.311589e-01 -3.310274e-01 6.624192e-02 -1.520528e-01 1.464864e-01 -2.904729e-01
<VARIANCE> 39
 8.405551e+01 3.503940e+01 3.451752e+01 4.574136e+01 2.005614e+01 3.180570e+01 4.576972e+01 2.452071e+01 3.467182e+01 2.087047e+01 3.875449e+01 2.316187e+01 2.588702e+01 1.070894e+01 6.298399e+00 4.949961e+00 8.265272e+00 3.907345e+00 5.162591e+00 4.184032e+00 2.637814e+00 4.657162e+00 2.444068e+00 5.111241e+00 2.774294e+00 2.810774e+00 1.210780e+00 1.012623e+00 1.366961e+00 1.160791e+00 7.383916e-01 8.974544e-01 7.655714e-01 5.609715e-01 6.531444e-01 5.764317e-01 8.109005e-01 5.685373e-01 2.476920e-01
<GCONST> 1.328565e+02
<STATE> 3
<MEAN> 39
 -4.178574e+00 -2.668274e+00 4.235398e+00 -7.066912e+00 7.229954e+00 -3.375508e+01 -6.272943e+00 -1.985668e+01 -8.236169e+00 -1.076232e+01 -5.651803e+00 -1.084604e+01 8.657442e+01 5.870025e-01 1.477868e-01 -1.477196e+00 -1.922939e-01 2.711045e-01 -1.918677e-01 4.323618e-01 -2.874933e-01 -5.547599e-02 2.870408e-01 3.290398e-01 1.215559e-01 -1.499685e-01 -8.274157e-02 2.217057e-02 -3.295486e-02 -2.075179e-01 1.815576e-01 3.278710e-01 -1.323494e-02 5.034709e-02 7.576133e-02 -2.241678e-02 4.852406e-02 -2.211528e-02 -7.855326e-02
<VARIANCE> 39
 9.739081e+00 5.408542e+00 6.207181e+01 1.129006e+01 1.098738e+01 1.365065e+01 2.729952e+01 1.646597e+01 1.779149e+01 1.787781e+01 1.463610e+01 1.456059e+01 2.696374e+00 1.569032e-01 7.957018e-01 1.382039e+00 9.634127e-01 1.287966e+00 1.988705e+00 1.456545e+00 1.012921e+00 1.001759e+00 1.351941e+00 7.484350e-01 8.645795e-01 2.225384e-01 9.128604e-02 1.423215e-01 1.995565e-01 2.168994e-01 1.113093e-01 2.469259e-01 3.052568e-01 2.226070e-01 2.467864e-01 2.302886e-01 1.524619e-01 1.449887e-01 1.162244e-02
<GCONST> 7.842782e+01
<STATE> 4
<MEAN> 39
 3.191523e+00 4.728570e+00 -1.012127e+01 -2.133890e+01 1.686281e+01 -2.248600e+01 -5.142936e+00 -1.304230e+01 -1.019847e+01 -1.204073e+01 -8.075556e-01 -1.968008e+00 8.097219e+01 1.085999e-01 8.838062e-02 3.814199e-01 -7.067010e-01 -6.984574e-01 5.442114e-01 1.910793e-01 1.050371e+00 2.807454e-01 -7.868801e-01 -6.234900e-02 7.716703e-01 -2.149772e-01 -4.222228e-02 -4.301551e-02 1.310738e-01 1.192849e-01 -2.596519e-01 -7.652447e-02 1.052815e-01 3.063704e-02 3.865019e-02 -2.569465e-02 -8.608704e-02 -5.477047e-02 -2.153168e-02
<VARIANCE> 39
 3.044565e+00 9.474520e+00 9.039515e+00 2.986855e+01 4.704094e+01 2.076373e+01 3.236068e+01 7.043942e+01 2.868375e+01 3.232471e+01 2.907801e+01 4.262872e+01 3.635198e+00 1.593353e-01 9.312572e-01 5.609370e-01 1.507181e+00 4.479332e+00 1.603816e+00 3.418612e+00 2.537366e+00 1.361468e+00 1.641723e+00 2.554029e+00 1.148881e+00 2.711078e-01 1.835743e-02 1.023166e-01 7.670215e-02 1.504160e-01 2.652072e-01 2.275753e-01 5.975229e-01 4.694240e-01 1.811091e-01 2.819583e-01 4.425976e-01 2.556341e-01 3.737524e-02
<GCONST> 8.987192e+01
<STATE> 5
<MEAN> 39
 -1.349282e+00 3.516635e+00 -1.622919e+00 -1.606668e+01 -9.219728e+00 -1.065967e+01 2.026241e+00 1.704439e+00 -5.181561e+00 -1.411545e+01 -7.899747e+00 -3.846932e+00 6.969358e+01 -6.503929e-01 -2.620519e-01 1.997578e-02 6.978323e-01 -4.361597e-01 8.841950e-01 2.359433e-02 3.524072e-01 1.720099e-01 1.023630e+00 -2.038453e-02 -4.128668e-01 -8.665329e-01 -2.845054e-02 -4.346450e-02 -4.594973e-02 3.385953e-02 1.929720e-01 -1.696141e-02 -7.632987e-02 -1.004403e-01 -1.412265e-02 8.430216e-02 7.500754e-02 5.001612e-02 2.706677e-02
<VARIANCE> 39
 2.084263e+01 2.091679e+01 1.696142e+01 2.291010e+01 2.035968e+01 6.034377e+01 2.322999e+01 2.287647e+01 1.894973e+01 6.913767e+01 2.443551e+01 2.578718e+01 2.549195e+01 6.154912e-01 1.301651e+00 1.213239e+00 1.077198e+00 2.301875e+00 1.808085e+00 1.473538e+00 1.938214e+00 2.106283e+00 1.833870e+00 2.278720e+00 1.941209e+00 2.281281e-01 8.571683e-02 1.426085e-01 1.301606e-01 1.934780e-01 2.393062e-01 3.203865e-01 2.630492e-01 3.702013e-01 4.220601e-01 2.877498e-01 3.523979e-01 2.609158e-01 3.148090e-02
<GCONST> 9.691394e+01
<TRANSP> 6
 0.000000e+00 1.000000e+00 0.000000e+00 0.000000e+00 0.000000e+00 0.000000e+00
 0.000000e+00 9.114257e-01 8.857437e-02 0.000000e+00 0.000000e+00 0.000000e+00
 0.000000e+00 0.000000e+00 9.375628e-01 6.243727e-02 0.000000e+00 0.000000e+00
 0.000000e+00 0.000000e+00 0.000000e+00 9.450009e-01 5.499908e-02 0.000000e+00
 0.000000e+00 0.000000e+00 0.000000e+00 0.000000e+00 9.482183e-01 5.178166e-02
 0.000000e+00 0.000000e+00 0.000000e+00 0.000000e+00 0.000000e+00 0.000000e+00
<ENDHMM>
