~o
<STREAMINFO> 1 39
<VECSIZE> 39<NULLD><MFCC_D_A_0><DIAGC>
~h "six"
<BEGINHMM>
<NUMSTATES> 6
<STATE> 2
<MEAN> 39
 -3.054924e+01 -5.336045e+00 3.619179e+00 -1.631823e+01 7.357616e+00 -1.063796e+01 2.792127e+00 -7.349704e+00 2.465184e+00 -2.808157e+00 1.640677e+00 -4.340981e+00 8.660559e+01 -2.036721e-01 2.127609e-01 9.176253e-02 -3.068926e-01 1.965698e-01 -8.018014e-01 -1.713586e-01 -3.636774e-01 -1.091676e-01 -3.172827e-01 -9.046146e-02 -2.780865e-01 1.116124e+00 3.912773e-01 1.237882e-01 -1.024749e-01 2.503079e-01 -1.260005e-01 -1.181600e-01 -2.156556e-01 -4.607607e-02 -1.556600e-01 -5.333295e-02 -9.725653e-02 -8.163035e-02 -1.588689e-01
<VARIANCE> 39
 6.336190e+01 1.676094e+01 2.727002e+01 1.814621e+01 2.492130e+01 2.059411e+01 2.415133e+01 2.367612e+01 1.983000e+01 1.810001e+01 1.133431e+01 1.067691e+01 4.404136e+01 7.659105e+00 1.526475e+00 2.820356e+00 2.617380e+00 2.105291e+00 2.454735e+00 3.883830e+00 2.924731e+00 2.438767e+00 1.874460e+00 1.593955e+00 1.549052e+00 2.169107e+00 6.004524e-01 3.086638e-01 5.498160e-01 4.046870e-01 3.464518e-01 4.663150e-01 3.991297e-01 4.755388e-01 3.228582e-01 3.727408e-01 2.472348e-01 2.634404e-01 1.942230e-01
<GCONST> 1.104709e+02
<STATE> 3
<MEAN> 39
 -1.106175e+01 -3.930758e+00 2.133524e+00 -2.332983e+00 2.297660e+00 -2.450650e+01 -8.427380e+00 -7.158740e+00 -6.261406e+00 -7.068328e+00 -3.039557e+00 -4.798797e+00 8.007702e+01 4.471195e-01 -7.784015e-02 -2.746347e-01 6.824507e-01 -3.119272e-01 5.463322e-01 -1.305186e-02 5.308595e-01 5.494166e-03 1.831286e-01 -2.443410e-02 3.143197e-01 -1.347186e+00 -3.499600e-01 -8.006409e-02 -5.703371e-02 -2.396495e-01 1.898661e-01 1.534990e-01 1.689207e-01 5.171458e-02 1.760247e-01 9.759481e-02 8.935688e-02 2.321524e-02 1.184501e-01
<VARIANCE> 39
 7.455552e+00 1.715603e+01 1.719382e+01 2.437255e+01 2.731394e+01 1.120797e+02 2.346052e+01 4.281704e+01 1.133178e+01 1.948363e+01 2.022082e+01 2.127534e+01 1.694325e+02 3.078405e+00 1.613058e+00 2.036368e+00 2.054128e+00 2.888646e+00 9.218020e+00 2.855774e+00 2.498687e+00 1.654923e+00 2.459437e+00 2.104385e+00 1.873359e+00 3.775460e+00 4.829830e-01 3.432953e-01 4.505853e-01 3.855433e-01 6.271091e-01 1.296334e+00 4.948862e-01 6.256990e-01 2.844637e-01 5.163271e-01 4.581247e-01 4.522524e-01 7.234342e-01
<GCONST> 1.177411e+02
<STATE> 4
<MEAN> 39
 -2.066957e+01 -8.579249e+00 -2.684481e+00 -1.190144e+01 9.954395e+00 -1.023944e+01 -7.011614e+00 -8.463294e+00 6.526390e-01 -9.970165e-01 6.031503e-01 -5.809250e+00 8.187997e+01 -2.727041e+00 -6.366445e-01 2.556146e-01 -2.325406e+00 1.573729e+00 -1.689057e-01 3.799719e-01 -8.321534e-01 1.240474e+00 3.452989e-01 8.816522e-01 -4.322895e-01 4.393893e+00 -1.322815e-01 1.344304e-01 3.656861e-01 2.581083e-01 -4.350954e-01 1.127630e-01 3.131513e-01 3.525327e-01 -2.246860e-02 -1.339705e-01 -9.357809e-02 1.314668e-01 -2.824473e-01
<VARIANCE> 39
 4.638921e+01 1.568197e+01 2.627729e+01 5.988736e+01 4.802615e+01 3.133196e+01 1.482938e+01 2.833940e+01 2.603792e+01 9.698452e+00 2.250536e+01 1.237916e+01 1.619704e+02 1.549303e+00 1.539267e+00 5.263347e+00 5.824587e+00 7.450607e+00 3.099032e+00 2.468276e+00 3.905969e+00 1.940315e+00 1.069889e+00 2.270803e+00 1.597538e+00 6.692541e+00 4.051403e-01 2.794471e-01 7.885068e-01 1.164147e+00 1.259116e+00 6.291545e-01 4.494447e-01 6.579645e-01 4.786263e-01 1.923150e-01 4.860852e-01 2.950065e-01 2.447451e+00
<GCONST> 1.217033e+02
<STATE> 5
<MEAN> 39
 -3.070273e+01 -5.366066e+00 3.842125e+00 -1.777637e+01 1.008131e+01 -9.394591e+00 2.452819e+00 -4.548111e+00 4.052247e-01 -1.988502e+00 2.224325e+00 -4.278703e+00 8.484170e+01 5.719213e-01 2.285210e-01 4.354527e-02 3.171407e-01 -1.835853e-01 1.098024e-01 3.468694e-02 2.761101e-01 -3.980139e-01 7.854481e-02 -2.648371e-01 1.227492e-01 -1.143240e+00 1.278235e-01 -2.378793e-02 -5.460840e-02 9.701896e-02 5.038216e-03 2.040049e-02 -1.082283e-01 -3.040401e-02 -2.684348e-02 -3.545120e-03 -2.193244e-02 -2.146562e-02 -6.345540e-02
<VARIANCE> 39
 5.703913e+01 7.675323e+00 1.185829e+01 2.286365e+01 1.303260e+01 1.442468e+01 2.205006e+01 1.521120e+01 1.842458e+01 9.921558e+00 1.323581e+01 8.902803e+00 1.177946e+02 2.197446e+00 7.407685e-01 1.134173e+00 1.646966e+00 1.248883e+00 1.092328e+00 1.695028e+00 1.472673e+00 1.140548e+00 1.249701e+00 1.172989e+00 8.183494e-01 1.579522e+00 2.598159e-01 1.483530e-01 2.172066e-01 2.189148e-01 2.456192e-01 2.290534e-01 2.481665e-01 2.729166e-01 2.659185e-01 2.656556e-01 2.095194e-01 1.593837e-01 1.623684e-01
<GCONST> 9.252861e+01
<TRANSP> 6
 0.000000e+00 1.000000e+00 0.000000e+00 0.000000e+00 0.000000e+00 0.000000e+00
 0.000000e+00 9.485646e-01 5.143538e-02 0.000000e+00 0.000000e+00 0.000000e+00
 0.000000e+00 0.000000e+00 9.520367e-01 4.796324e-02 0.000000e+00 0.000000e+00
 0.000000e+00 0.000000e+00 0.000000e+00 8.607446e-01 1.392554e-01 0.000000e+00
 0.000000e+00 0.000000e+00 0.000000e+00 0.000000e+00 9.639350e-01 3.606498e-02
 0.000000e+00 0.000000e+00 0.000000e+00 0.000000e+00 0.000000e+00 0.000000e+00
<ENDHMM>
