~o
<STREAMINFO> 1 39
<VECSIZE> 39<NULLD><MFCC_D_A_0><DIAGC>
~h "zero"
<BEGINHMM>
<NUMSTATES> 6
<STATE> 2
<MEAN> 39
 -2.529529e+01 -8.346476e+00 1.008053e+01 -1.912674e+01 1.164046e+01 -1.575015e+01 -4.539872e-01 -1.197498e+01 2.034228e+00 -8.311776e+00 1.089106e-01 -8.781904e+00 8.148458e+01 1.378714e+00 2.067613e-01 3.207200e-01 8.040428e-01 1.155514e-01 -1.739845e+00 -9.952900e-01 -9.880779e-01 -9.277020e-01 -6.226975e-01 -6.400461e-01 -7.560847e-01 1.600609e+00 5.397025e-01 1.673328e-01 -2.960093e-01 4.945282e-01 -3.905964e-01 -6.187293e-02 -2.256072e-01 1.311573e-01 -3.310487e-01 6.630678e-02 -1.521212e-01 1.465346e-01 -2.905206e-01
<VARIANCE> 39
 8.403197e+01 3.503554e+01 3.451506e+01 4.573621e+01 2.005349e+01 3.179916e+01 4.576798e+01 2.452343e+01 3.466742e+01 2.087190e+01 3.875200e+01 2.316450e+01 2.588697e+01 1.071018e+01 6.298928e+00 4.949646e+00 8.266252e+00 3.907881e+00 5.163329e+00 4.184495e+00 2.638099e+00 4.657595e+00 2.444147e+00 5.111866e+00 2.773826e+00 2.810912e+00 1.210588e+00 1.012547e+00 1.367111e+00 1.160846e+00 7.384206e-01 8.975717e-01 7.656076e-01 5.610560e-01 6.531961e-01 5.764600e-01 8.109769e-01 5.686178e-01 2.476948e-01
<GCONST> 1.328572e+02
<STATE> 3
<MEAN> 39
 -4.155303e+00 -2.651365e+00 4.154002e+00 -7.060640e+00 7.259393e+00 -3.373030e+01 -6.246062e+00 -1.987070e+01 -8.245740e+00 -1.073155e+01 -5.631287e+00 -1.085978e+01 8.655959e+01 5.855288e-01 1.522258e-01 -1.472777e+00 -2.024309e-01 2.819955e-01 -1.810822e-01 4.197822e-01 -2.830098e-01 -5.661919e-02 2.792385e-01 3.349041e-01 1.197047e-01 -1.515118e-01 -8.323635e-02 2.189070e-02 -2.914565e-02 -2.107871e-01 1.821276e-01 3.256879e-01 -1.207708e-02 5.092688e-02 7.482547e-02 -2.480821e-02 4.820227e-02 -2.172491e-02 -7.777659e-02
<VARIANCE> 39
 9.814767e+00 5.447552e+00 6.325039e+01 1.127607e+01 1.113647e+01 1.372961e+01 2.735447e+01 1.649269e+01 1.779450e+01 1.802566e+01 1.466738e+01 1.455346e+01 2.731489e+00 1.568838e-01 7.964026e-01 1.381261e+00 9.855914e-01 1.308779e+00 2.005020e+00 1.486220e+00 1.012631e+00 9.982992e-01 1.362830e+00 7.545421e-01 8.630838e-01 2.221808e-01 9.099038e-02 1.418177e-01 2.018461e-01 2.184681e-01 1.113909e-01 2.470575e-01 3.043910e-01 2.218467e-01 2.459712e-01 2.307564e-01 1.519081e-01 1.446617e-01 1.169989e-02
<GCONST> 7.858885e+01
<STATE> 4
<MEAN> 39
 3.162549e+00 4.675543e+00 -9.589501e+00 -2.150187e+01 1.551168e+01 -2.234211e+01 -4.626695e+00 -1.215830e+01 -9.766215e+00 -1.284892e+01 -9.811606e-01 -1.497643e+00 8.077116e+01 7.300020e-02 1.219949e-01 4.706095e-01 -5.974747e-01 -8.419204e-01 5.516335e-01 2.200593e-01 1.081645e+00 2.341708e-01 -7.786263e-01 -1.005193e-01 6.491869e-01 -2.897698e-01 -3.538421e-02 -3.040944e-02 1.187098e-01 1.242988e-01 -2.297967e-01 -4.953844e-02 6.715616e-02 3.471535e-02 1.672902e-02 7.819659e-03 -6.793517e-02 -7.725140e-02 -2.657405e-02
<VARIANCE> 39
 3.317961e+00 9.200460e+00 1.213569e+01 2.724988e+01 6.746116e+01 2.018077e+01 3.530669e+01 7.512502e+01 2.961107e+01 3.919562e+01 2.971436e+01 4.309424e+01 3.894013e+00 1.818484e-01 8.967049e-01 6.319443e-01 1.544974e+00 4.379328e+00 1.522649e+00 3.271889e+00 2.467606e+00 1.359032e+00 1.581117e+00 2.457541e+00 1.344783e+00 3.380628e-01 2.113895e-02 1.017345e-01 7.934742e-02 1.413519e-01 2.639915e-01 2.298286e-01 5.800332e-01 4.418402e-01 1.836500e-01 2.882751e-01 4.351558e-01 2.532835e-01 3.645658e-02
<GCONST> 9.134016e+01
<STATE> 5
<MEAN> 39
 -1.680108e+00 3.491378e+00 -1.494959e+00 -1.552133e+01 -9.862860e+00 -9.821907e+00 2.028280e+00 1.986372e+00 -5.243489e+00 -1.343247e+01 -8.289220e+00 -4.466729e+00 6.897880e+01 -6.742627e-01 -3.318155e-01 -1.036957e-01 7.004073e-01 -2.712413e-01 8.972241e-01 -1.173723e-02 2.624749e-01 2.165814e-01 1.165623e+00 1.800560e-02 -3.711569e-01 -8.368152e-01 -3.427663e-02 -5.742846e-02 -4.970201e-02 2.565188e-02 1.948961e-01 -4.139662e-02 -4.992633e-02 -1.162637e-01 6.261467e-03 5.868415e-02 6.806801e-02 8.275681e-02 3.613672e-02
<VARIANCE> 39
 2.056703e+01 2.218656e+01 1.762450e+01 2.048397e+01 1.574664e+01 5.507565e+01 2.316272e+01 2.225816e+01 1.967429e+01 6.647666e+01 2.188728e+01 2.079774e+01 2.074496e+01 6.376755e-01 1.324484e+00 1.083952e+00 1.133015e+00 2.073679e+00 1.909948e+00 1.449809e+00 1.880715e+00 2.179734e+00 1.652192e+00 2.353133e+00 1.985765e+00 2.184202e-01 8.827298e-02 1.465436e-01 1.311511e-01 2.019846e-01 2.519094e-01 3.280185e-01 2.669802e-01 3.909972e-01 4.409747e-01 2.858495e-01 3.588625e-01 2.570729e-01 3.131221e-02
<GCONST> 9.609720e+01
<TRANSP> 6
 0.000000e+00 1.000000e+00 0.000000e+00 0.000000e+00 0.000000e+00 0.000000e+00
 0.000000e+00 9.114159e-01 8.858415e-02 0.000000e+00 0.000000e+00 0.000000e+00
 0.000000e+00 0.000000e+00 9.378590e-01 6.214101e-02 0.000000e+00 0.000000e+00
 0.000000e+00 0.000000e+00 0.000000e+00 9.489036e-01 5.109638e-02 0.000000e+00
 0.000000e+00 0.000000e+00 0.000000e+00 0.000000e+00 9.439710e-01 5.602897e-02
 0.000000e+00 0.000000e+00 0.000000e+00 0.000000e+00 0.000000e+00 0.000000e+00
<ENDHMM>
