~o
<STREAMINFO> 1 39
<VECSIZE> 39<NULLD><MFCC_D_A_0><DIAGC>
~h "ten"
<BEGINHMM>
<NUMSTATES> 6
<STATE> 2
<MEAN> 39
 -1.062971e+01 -1.074599e+01 1.905676e+00 -1.149377e+01 3.868962e+00 -1.818939e+01 9.670611e+00 -1.142097e+01 3.918878e+00 -2.752428e+00 3.759232e+00 -7.345974e+00 9.348622e+01 7.832352e-01 2.578784e-01 -5.864303e-01 -7.538325e-02 -1.890743e-01 -1.174628e+00 1.327022e-01 -2.256870e-01 -9.714015e-01 2.658598e-02 -3.509235e-01 -3.844936e-01 7.070372e-01 -1.785066e-02 2.182066e-01 -2.225217e-01 9.846510e-02 -1.964831e-01 1.309544e-01 -2.160036e-01 1.441461e-01 -3.053766e-01 -5.070746e-02 -1.308474e-01 1.454575e-01 -4.822150e-01
<VARIANCE> 39
 2.593594e+01 2.349368e+01 2.362253e+01 1.239122e+01 1.008454e+01 4.755576e+01 2.859208e+01 1.416291e+01 4.344174e+01 1.682137e+01 1.906468e+01 1.938116e+01 5.996167e+00 2.089113e+00 4.539783e+00 1.960269e+00 1.861682e+00 1.639958e+00 2.497412e+00 3.874121e+00 2.064429e+00 6.344973e+00 2.354686e+00 3.118583e+00 2.736483e+00 3.327931e+00 4.578259e-01 5.694315e-01 3.613188e-01 5.676556e-01 2.445057e-01 6.187917e-01 4.854402e-01 5.085732e-01 9.038901e-01 4.128478e-01 7.368909e-01 6.902878e-01 1.227911e+00
<GCONST> 1.156542e+02
<STATE> 3
<MEAN> 39
 -5.732483e+00 -2.327795e+00 -4.422473e+00 -1.580317e+01 1.048754e+00 -2.360738e+01 4.224829e+00 -1.325512e+01 -1.000916e+01 -4.542994e+00 8.687868e+00 -5.592971e+00 9.530576e+01 6.789146e-02 6.133583e-02 3.838058e-01 -5.507150e-01 7.680044e-01 7.428011e-02 5.128827e-02 -2.046582e-01 -2.383404e-01 -6.692096e-02 1.892784e+00 3.128781e-01 -2.539475e-01 -7.566622e-02 -1.435137e-01 2.460831e-01 1.180916e-02 3.108862e-01 -1.496973e-02 2.389867e-01 -7.444383e-02 1.911103e-01 1.449165e-02 9.604260e-02 -1.032396e-01 -1.835022e-01
<VARIANCE> 39
 2.404402e+00 8.528017e+00 8.053429e+00 1.431478e+01 2.062169e+01 2.087270e+01 3.447576e+01 1.152228e+01 1.697709e+01 1.813949e+01 6.391908e+01 2.580524e+01 4.631576e+00 9.073156e-02 7.258143e-01 1.076048e+00 4.789570e-01 1.760293e+00 1.103070e+00 2.198960e+00 9.321392e-01 1.588096e+00 1.486793e+00 1.456979e+00 1.842414e+00 2.436253e-01 3.723765e-02 1.845003e-01 1.013350e-01 1.127290e-01 2.048365e-01 2.231046e-01 3.117800e-01 1.660407e-01 4.832067e-01 3.204137e-01 5.824215e-01 2.794159e-01 3.815325e-02
<GCONST> 8.215178e+01
<STATE> 4
<MEAN> 39
 -6.532103e+00 2.675291e-01 5.087296e+00 -1.087335e+01 1.408432e+01 -1.668931e+01 4.412446e+00 -1.506246e+01 -1.180211e+01 -7.101182e+00 8.536415e+00 -5.032866e+00 8.086485e+01 4.657086e-02 5.852743e-01 4.476926e-01 1.303210e+00 2.580974e-01 1.166909e+00 -5.338467e-01 4.236153e-01 -2.755250e-01 -1.883453e-01 -1.739297e+00 2.003163e-01 -1.767858e+00 8.942992e-02 1.110480e-02 -1.670163e-01 1.202058e-01 -2.711120e-01 5.186045e-02 -1.265058e-01 1.494542e-01 -5.727581e-02 4.334215e-02 -1.311878e-01 1.725550e-02 -1.770360e-02
<VARIANCE> 39
 1.691445e+01 2.884843e+01 9.407938e+00 3.776780e+01 1.845866e+01 4.141711e+01 2.128079e+01 1.420528e+01 1.857431e+01 1.699023e+01 7.141173e+01 2.484382e+01 4.380875e+01 2.162439e+00 1.674403e+00 1.308650e+00 2.942081e+00 3.182302e+00 2.010218e+00 2.025492e+00 1.748204e+00 2.302316e+00 1.177815e+00 3.034981e+00 1.704068e+00 1.766650e+00 4.408126e-01 3.551348e-01 1.910461e-01 6.953992e-01 4.032020e-01 4.635568e-01 4.203934e-01 2.899257e-01 4.998034e-01 2.189709e-01 7.567313e-01 3.121875e-01 3.544931e-01
<GCONST> 1.097243e+02
<STATE> 5
<MEAN> 39
 -5.316945e+00 2.605141e+00 5.482173e+00 6.204369e-01 5.432921e+00 -6.037271e+00 -3.471869e+00 -7.056835e+00 -1.361547e+01 -7.061257e+00 -3.931304e+00 -6.400949e+00 6.690176e+01 -3.904533e-01 -4.103669e-01 -3.197036e-01 2.865715e-01 -1.091967e+00 7.517024e-01 -3.768301e-01 6.265613e-01 5.399072e-01 2.433930e-01 -2.281701e-01 3.417914e-02 -8.376399e-01 -1.095963e-01 -7.031713e-02 -5.081683e-02 -1.521904e-01 1.720250e-02 -3.867810e-02 9.061656e-02 -5.135571e-02 1.961706e-01 4.260121e-02 9.412390e-02 5.749733e-02 9.144172e-02
<VARIANCE> 39
 8.934113e+00 1.223661e+01 9.827619e+00 1.777840e+01 2.231111e+01 1.914247e+01 1.407525e+01 1.637694e+01 1.877355e+01 2.082687e+01 1.826124e+01 2.170607e+01 9.883381e+00 5.811106e-01 9.047487e-01 1.574981e+00 2.390862e+00 1.027839e+00 1.347039e+00 1.557557e+00 1.631807e+00 1.660156e+00 1.975729e+00 1.596314e+00 2.152282e+00 2.534060e-01 8.907644e-02 1.302907e-01 3.007305e-01 3.468602e-01 2.032567e-01 2.841350e-01 2.635836e-01 3.117013e-01 2.514703e-01 3.735837e-01 2.672313e-01 3.488329e-01 3.342625e-02
<GCONST> 9.006081e+01
<TRANSP> 6
 0.000000e+00 1.000000e+00 0.000000e+00 0.000000e+00 0.000000e+00 0.000000e+00
 0.000000e+00 9.186023e-01 8.139770e-02 0.000000e+00 0.000000e+00 0.000000e+00
 0.000000e+00 0.000000e+00 9.091368e-01 9.086324e-02 0.000000e+00 0.000000e+00
 0.000000e+00 0.000000e+00 0.000000e+00 9.121888e-01 8.781116e-02 0.000000e+00
 0.000000e+00 0.000000e+00 0.000000e+00 0.000000e+00 9.124426e-01 8.755744e-02
 0.000000e+00 0.000000e+00 0.000000e+00 0.000000e+00 0.000000e+00 0.000000e+00
<ENDHMM>
