~o
<STREAMINFO> 1 39
<VECSIZE> 39<NULLD><MFCC_D_A_0><DIAGC>
~h "minus"
<BEGINHMM>
<NUMSTATES> 6
<STATE> 2
<MEAN> 39
 -2.269056e+00 7.855192e+00 -9.706982e-01 -1.342412e+01 5.119950e+00 -1.436413e+01 2.820182e+00 -8.242252e+00 -2.127301e+01 -1.778873e+01 -1.274080e+01 -5.603012e+00 7.690405e+01 1.194091e+00 -6.452408e-01 -2.137084e+00 -1.625227e+00 -1.810377e+00 -2.446289e+00 5.324003e-01 -9.419301e-01 4.381180e-01 -1.435648e+00 2.248453e+00 3.575576e-01 3.842849e+00 -7.261487e-01 -9.677111e-01 -4.614353e-01 1.508400e-01 -3.249514e-01 3.519626e-01 -1.537884e-02 9.422831e-02 8.448374e-01 8.067650e-01 8.096853e-01 3.394614e-01 -4.668724e-02
<VARIANCE> 39
 9.191879e+00 1.660310e+01 3.255239e+01 3.049780e+01 5.330976e+01 5.809122e+01 1.496108e+01 2.795095e+01 6.051888e+01 2.306518e+01 7.139084e+01 2.203153e+01 5.539728e+01 3.670779e+00 6.886101e+00 3.724901e+00 2.631420e+00 5.075047e+00 4.614060e+00 1.968646e+00 1.756187e+00 1.279750e+01 6.573387e+00 1.066829e+01 2.802247e+00 2.735162e+00 2.662692e-01 5.962815e-01 7.065249e-01 6.382037e-01 1.067813e+00 1.504399e+00 3.279934e-01 4.077909e-01 1.852111e+00 8.485784e-01 2.087710e+00 5.805079e-01 5.746138e-01
<GCONST> 1.309545e+02
<STATE> 3
<MEAN> 39
 -6.657943e+00 1.363316e+00 -4.035907e+00 -1.169411e+01 2.479043e+00 -2.220734e+01 -2.884106e+00 -1.198928e+01 -1.153812e+01 -1.152407e+01 -9.173968e-01 -1.113525e+01 8.773515e+01 -1.173468e-01 -1.689269e-02 1.668751e-01 1.120895e-01 3.129915e-01 -1.274930e-02 -3.071894e-01 -7.923557e-02 1.332651e-01 4.446811e-01 3.891737e-01 -5.792649e-02 4.002647e-02 4.945284e-02 2.241514e-02 5.043583e-02 -6.314000e-03 6.024645e-02 -2.232283e-03 -1.436425e-02 6.179405e-02 -1.506117e-02 2.078412e-02 -1.724057e-02 3.635778e-02 -7.121819e-02
<VARIANCE> 39
 1.048293e+01 3.486251e+01 7.287635e+01 2.380462e+01 1.853038e+01 7.896130e+01 3.768482e+01 1.726042e+01 2.423437e+01 3.304747e+01 3.586462e+01 3.480683e+01 4.693934e+01 1.325868e+00 2.672352e+00 2.828783e+00 1.419181e+00 1.346942e+00 7.242349e+00 1.542148e+00 1.870228e+00 1.593077e+00 2.779744e+00 4.752634e+00 2.264199e+00 2.828070e+00 2.729998e-01 3.948615e-01 3.485219e-01 2.615673e-01 3.079790e-01 1.192115e+00 2.739054e-01 3.930134e-01 3.068109e-01 4.161623e-01 7.686545e-01 3.093556e-01 3.842393e-01
<GCONST> 1.150581e+02
<STATE> 4
<MEAN> 39
 -9.122488e+00 -2.144343e+00 1.003333e+00 -1.450307e+01 7.146431e+00 -1.635657e+01 -4.712629e+00 -1.089692e+01 -9.813086e+00 -4.969028e+00 9.873644e+00 1.297757e+00 8.572484e+01 -1.122663e+00 -4.052839e-01 6.540432e-01 -1.932729e-01 -1.150987e-01 8.412176e-01 1.194834e-01 2.543596e-01 5.877538e-01 -6.543048e-03 -3.668201e-01 -5.411502e-02 -1.388336e-01 -2.931571e-01 7.122516e-03 4.144944e-04 -1.829158e-02 -8.194376e-02 3.674048e-02 5.650371e-02 1.644813e-02 8.231853e-02 -4.633205e-02 -1.207944e-01 -1.613702e-01 6.987265e-02
<VARIANCE> 39
 3.230775e+01 3.436661e+01 3.838714e+01 1.184196e+01 1.254088e+01 4.298092e+01 3.066248e+01 1.680519e+01 2.572796e+01 2.529802e+01 2.658961e+01 2.358019e+01 2.323749e+01 4.166354e+00 4.177368e+00 1.303274e+00 1.060850e+00 1.385500e+00 1.875561e+00 1.427086e+00 1.749132e+00 3.759719e+00 1.891796e+00 1.674517e+00 3.153573e+00 1.861057e+00 3.922247e-01 7.275779e-01 3.218269e-01 2.157532e-01 2.802242e-01 3.494012e-01 2.616793e-01 2.962234e-01 5.550134e-01 3.597246e-01 3.131790e-01 3.098561e-01 2.672034e-01
<GCONST> 1.086401e+02
<STATE> 5
<MEAN> 39
 -3.261051e+01 -6.163713e+00 3.185331e+00 -1.759092e+01 8.419888e+00 -8.518395e+00 2.689087e+00 -3.924506e+00 2.072011e+00 -3.135404e+00 2.805254e+00 -5.140296e+00 8.399706e+01 2.779972e-01 1.594505e-01 -1.864769e-01 1.606369e-01 -1.625048e-02 -6.439929e-02 1.515696e-01 2.437481e-01 -1.084301e-01 1.293078e-01 -1.759691e-01 1.300093e-01 -9.096671e-01 2.522659e-01 5.500003e-02 -1.142890e-02 9.855294e-02 2.666741e-02 1.360323e-02 -7.076500e-02 -8.453878e-03 -1.332831e-01 1.977281e-02 -3.056431e-02 8.214014e-02 -1.532340e-01
<VARIANCE> 39
 2.681287e+01 1.711876e+01 1.869001e+01 1.882208e+01 2.163793e+01 1.696499e+01 1.814922e+01 1.924103e+01 1.521115e+01 1.063627e+01 1.139480e+01 1.288657e+01 6.168625e+01 3.039871e+00 9.847493e-01 1.324477e+00 1.679817e+00 1.737967e+00 1.459459e+00 1.256695e+00 1.557729e+00 1.061830e+00 8.907347e-01 9.131393e-01 8.488008e-01 2.007898e+00 3.049124e-01 2.039538e-01 2.031782e-01 2.707110e-01 3.085170e-01 3.175789e-01 2.218372e-01 2.550056e-01 2.097030e-01 1.611091e-01 1.654018e-01 1.837010e-01 1.784724e-01
<GCONST> 9.403536e+01
<TRANSP> 6
 0.000000e+00 1.000000e+00 0.000000e+00 0.000000e+00 0.000000e+00 0.000000e+00
 0.000000e+00 8.181068e-01 1.818932e-01 0.000000e+00 0.000000e+00 0.000000e+00
 0.000000e+00 0.000000e+00 9.676875e-01 3.231253e-02 0.000000e+00 0.000000e+00
 0.000000e+00 0.000000e+00 0.000000e+00 9.430657e-01 5.693432e-02 0.000000e+00
 0.000000e+00 0.000000e+00 0.000000e+00 0.000000e+00 9.601439e-01 3.985613e-02
 0.000000e+00 0.000000e+00 0.000000e+00 0.000000e+00 0.000000e+00 0.000000e+00
<ENDHMM>
