~o
<STREAMINFO> 1 39
<VECSIZE> 39<NULLD><MFCC_D_A_0><DIAGC>
~h "one"
<BEGINHMM>
<NUMSTATES> 6
<STATE> 2
<MEAN> 39
 -4.896093e+00 1.075833e+01 1.261413e+00 -1.334553e+01 -4.817352e+00 -1.783397e+01 -2.146824e+00 -4.088586e+00 -6.239260e+00 -9.124176e+00 -5.545539e+00 -9.044033e+00 8.102007e+01 6.829209e-01 -8.414197e-01 -1.010724e+00 -3.327680e-01 -9.391026e-01 -4.009176e-02 -1.417301e-02 1.786912e-01 2.065586e-01 -7.671516e-02 -1.600108e-01 3.335627e-01 2.466448e+00 -2.108746e-01 -3.450259e-01 -1.767181e-01 1.322287e-01 1.772032e-01 3.008292e-01 1.201771e-01 1.317229e-01 2.246208e-01 1.200969e-01 1.048617e-01 1.450690e-01 -1.541415e-01
<VARIANCE> 39
 1.974707e+01 5.237214e+01 2.885398e+01 4.849324e+01 6.286550e+01 6.312123e+01 6.015277e+01 2.467767e+01 2.583500e+01 4.371947e+01 2.312765e+01 2.933884e+01 9.229884e+01 1.734052e+00 8.788024e+00 2.820958e+00 3.509472e+00 5.672584e+00 6.343072e+00 2.973524e+00 2.086967e+00 3.949578e+00 5.217852e+00 2.082039e+00 2.456031e+00 2.827808e+00 2.955125e-01 1.510052e+00 5.516167e-01 6.884937e-01 1.097006e+00 9.710055e-01 5.146876e-01 3.748234e-01 7.319039e-01 1.001128e+00 4.971035e-01 3.663193e-01 5.444230e-01
<GCONST> 1.296680e+02
<STATE> 3
<MEAN> 39
 -5.862016e+00 2.859327e+00 -5.738385e+00 -1.520866e+01 -1.806213e+00 -1.296945e+01 1.586066e+00 -1.632776e+00 -4.412170e+00 -1.279242e+01 4.619773e+00 1.395579e-02 9.299307e+01 -4.346985e-01 4.933864e-01 3.800119e-01 7.532884e-02 1.191908e+00 -1.135355e-01 2.913362e-01 -4.731950e-01 -4.914306e-01 -3.717251e-01 1.857978e+00 1.341949e-01 -3.659249e-01 1.733572e-03 1.901298e-01 2.250987e-01 1.468262e-01 1.400889e-01 -2.412847e-02 -1.121086e-01 -1.374389e-01 -8.564195e-02 9.376656e-02 -1.571267e-01 -1.359188e-01 -2.611360e-01
<VARIANCE> 39
 5.373588e+00 1.241954e+01 1.583460e+01 1.132714e+01 3.597538e+01 2.355964e+01 3.310002e+01 3.121480e+01 4.666888e+01 3.081047e+01 9.800724e+01 2.364322e+01 4.522418e+00 1.770198e-01 8.543137e-01 1.215261e+00 1.418044e+00 1.757265e+00 2.030552e+00 1.475135e+00 2.671239e+00 2.145015e+00 2.897019e+00 3.535219e+00 2.752810e+00 6.362959e-01 4.462408e-02 1.946231e-01 1.885503e-01 3.355762e-01 2.790322e-01 5.041564e-01 1.791270e-01 4.258310e-01 4.831021e-01 5.256406e-01 1.025092e+00 3.372967e-01 1.000519e-01
<GCONST> 9.945119e+01
<STATE> 4
<MEAN> 39
 -7.747692e+00 5.286973e+00 3.881575e+00 -5.935565e+00 1.678357e+01 -1.033841e+01 -3.056371e+00 -7.541812e+00 -4.556273e+00 -7.612892e+00 6.522454e+00 -5.306870e+00 7.761328e+01 2.971256e-01 -5.195521e-01 5.655726e-01 1.093364e+00 6.464261e-01 7.533570e-01 -5.674910e-01 -1.961654e-02 3.005454e-01 6.554757e-01 -1.367036e+00 -1.283548e-01 -1.525013e+00 6.843427e-02 -1.263622e-01 -2.090231e-01 -7.864745e-02 -3.554376e-01 -5.469329e-02 3.053007e-02 9.538704e-02 -8.642701e-03 -4.764412e-02 9.685814e-02 5.402724e-02 1.058295e-01
<VARIANCE> 39
 1.616283e+01 1.476266e+01 1.653771e+01 2.912833e+01 4.064358e+01 3.879116e+01 2.498495e+01 2.283935e+01 5.949412e+01 2.785712e+01 7.671786e+01 1.382042e+01 3.023677e+01 6.101946e-01 6.084454e-01 1.399512e+00 3.361595e+00 4.312174e+00 2.231421e+00 1.793387e+00 2.303755e+00 2.022840e+00 2.153906e+00 3.733972e+00 9.778522e-01 1.273828e+00 1.174441e-01 1.421077e-01 2.159532e-01 6.728556e-01 6.167791e-01 4.264383e-01 3.216944e-01 3.964460e-01 3.482335e-01 3.879190e-01 7.574218e-01 1.426820e-01 2.005860e-01
<GCONST> 1.068267e+02
<STATE> 5
<MEAN> 39
 -5.674301e+00 8.464527e-01 4.011677e+00 3.264822e+00 8.561377e+00 -3.338759e+00 -6.552057e+00 -6.941221e+00 -5.370217e+00 -1.466608e+00 1.012567e+00 -5.357974e+00 6.693898e+01 -3.848811e-01 -3.195842e-01 -2.040092e-01 3.067286e-01 -7.559136e-01 4.971469e-01 1.083667e-01 2.946397e-01 8.622544e-02 3.918246e-01 -2.322612e-01 6.526597e-02 -6.811669e-01 -7.358360e-02 1.868910e-02 3.655629e-02 -1.170534e-01 1.138691e-01 -3.900841e-02 5.378688e-02 2.357464e-02 1.892461e-02 -5.054917e-02 6.213714e-03 2.856748e-02 4.732721e-02
<VARIANCE> 39
 1.565164e+01 1.952280e+01 1.634690e+01 8.288085e+00 2.795517e+01 1.848027e+01 2.530246e+01 2.114380e+01 1.986601e+01 5.436364e+01 2.469260e+01 2.080937e+01 1.470191e+01 6.576394e-01 7.042951e-01 9.334728e-01 9.750733e-01 1.671296e+00 1.481580e+00 1.792608e+00 1.687278e+00 1.465249e+00 1.979870e+00 1.246953e+00 1.547510e+00 2.089605e-01 7.989791e-02 1.167804e-01 1.431534e-01 1.408606e-01 2.586053e-01 2.948711e-01 2.920954e-01 3.487417e-01 2.704926e-01 3.473382e-01 2.578134e-01 3.178506e-01 3.471772e-02
<GCONST> 9.039571e+01
<TRANSP> 6
 0.000000e+00 1.000000e+00 0.000000e+00 0.000000e+00 0.000000e+00 0.000000e+00
 0.000000e+00 8.927358e-01 1.072642e-01 0.000000e+00 0.000000e+00 0.000000e+00
 0.000000e+00 0.000000e+00 9.222901e-01 7.770997e-02 0.000000e+00 0.000000e+00
 0.000000e+00 0.000000e+00 0.000000e+00 9.111114e-01 8.888859e-02 0.000000e+00
 0.000000e+00 0.000000e+00 0.000000e+00 0.000000e+00 9.245791e-01 7.542094e-02
 0.000000e+00 0.000000e+00 0.000000e+00 0.000000e+00 0.000000e+00 0.000000e+00
<ENDHMM>
