~o
<STREAMINFO> 1 39
<VECSIZE> 39<NULLD><MFCC_D_A_0><DIAGC>
~h "plus"
<BEGINHMM>
<NUMSTATES> 6
<STATE> 2
<MEAN> 39
 -1.124985e+01 -3.787094e+00 -4.824927e+00 -1.182692e+01 -5.948643e+00 -1.120642e+01 3.247373e+00 -1.500351e+01 -8.158967e+00 -9.801076e+00 2.220414e+00 -1.138128e+00 8.535926e+01 8.727012e-01 7.196923e-01 -9.200447e-01 -4.977598e-01 -6.055704e-01 -1.233028e+00 2.810191e-01 -7.657247e-01 -1.157720e+00 -7.094247e-01 -2.055151e-01 1.499002e-01 1.376408e+00 4.913231e-02 2.998705e-02 -6.088346e-02 7.702307e-02 1.284157e-01 1.285752e-02 -7.613529e-02 2.507731e-01 1.336371e-01 1.404273e-01 -1.381641e-01 -3.939783e-02 -4.047534e-01
<VARIANCE> 39
 3.125387e+01 5.942720e+01 1.974080e+01 1.303842e+01 2.130921e+01 5.752419e+01 2.562784e+01 2.654315e+01 5.446100e+01 3.743381e+01 3.174833e+01 1.549582e+01 1.446817e+01 2.433470e+00 5.846613e+00 1.879042e+00 1.618241e+00 1.592790e+00 3.942704e+00 1.600008e+00 2.350504e+00 4.222543e+00 3.173943e+00 3.539620e+00 1.633447e+00 2.588319e+00 5.294923e-01 1.232921e+00 3.579013e-01 3.023362e-01 2.728648e-01 7.542224e-01 3.063677e-01 4.490410e-01 1.037527e+00 6.207271e-01 7.854943e-01 3.169061e-01 6.013646e-01
<GCONST> 1.185556e+02
<STATE> 3
<MEAN> 39
 -3.832998e+00 -5.608104e+00 -1.700337e+01 -1.639731e+01 2.424902e-01 -1.521204e+01 2.770183e+00 -1.306700e+01 -1.159956e+00 -1.260942e+01 3.791774e+00 -2.316952e+00 8.852094e+01 6.154279e-02 -4.855917e-01 -1.096240e-01 -2.173189e-01 5.934663e-01 4.200932e-01 -8.691322e-02 1.130490e-01 1.292634e+00 -1.310787e-01 2.782751e-01 1.957115e-01 -6.081566e-01 -8.020621e-02 1.544005e-01 1.634477e-01 1.610918e-02 -4.323350e-02 5.080156e-02 -3.314176e-02 -8.673811e-02 -7.944609e-02 -3.273733e-02 -7.611507e-03 6.724370e-02 -1.344687e-01
<VARIANCE> 39
 4.101479e+00 1.815632e+01 2.204846e+01 1.320216e+01 2.526972e+01 2.526285e+01 1.759456e+01 1.705374e+01 9.118813e+01 2.816984e+01 3.308126e+01 2.807947e+01 1.558619e+01 4.082111e-01 1.249358e+00 2.134943e+00 6.240260e-01 1.284798e+00 1.415074e+00 1.224175e+00 1.787928e+00 2.179873e+00 1.872764e+00 1.943938e+00 1.755805e+00 6.809134e-01 7.651201e-02 1.595827e-01 2.367475e-01 1.322878e-01 2.572831e-01 2.578853e-01 2.511878e-01 2.662025e-01 3.958360e-01 3.739387e-01 3.092408e-01 2.645941e-01 7.650507e-02
<GCONST> 9.422940e+01
<STATE> 4
<MEAN> 39
 -1.256181e+01 -3.709434e+00 -4.754805e+00 -1.928134e+01 5.592044e+00 -9.175982e+00 -4.417386e-01 -1.479197e+01 4.013200e+00 -1.056414e+01 6.954299e+00 1.562751e+00 7.669752e+01 -2.873648e+00 -1.910785e-01 2.147676e+00 -2.440169e-01 3.336523e-03 8.308548e-01 -3.288964e-01 1.178667e+00 -9.029888e-01 1.643853e+00 -3.464426e-01 -6.830313e-01 4.437300e-01 -4.913354e-01 -2.576899e-01 -9.041700e-02 1.073254e-01 -1.128908e-01 1.363302e-02 2.163571e-01 4.226382e-01 4.083991e-02 1.334685e-01 -1.234769e-01 -1.893484e-01 5.476761e-01
<VARIANCE> 39
 4.499453e+01 2.121610e+01 4.234560e+01 1.223080e+01 1.747957e+01 2.852203e+01 2.627487e+01 2.830516e+01 5.764574e+01 6.087536e+01 2.176707e+01 3.520684e+01 2.257298e+01 4.707771e+00 4.217303e+00 1.567073e+00 1.164842e+00 2.839333e+00 2.123246e+00 3.013605e+00 4.572016e+00 3.506659e+00 6.519680e+00 1.718907e+00 2.751890e+00 5.596523e+00 5.435596e-01 7.277358e-01 3.618084e-01 2.112325e-01 6.009346e-01 4.493991e-01 5.433680e-01 5.346749e-01 6.876028e-01 1.357048e+00 3.237468e-01 4.673355e-01 5.074498e-01
<GCONST> 1.212685e+02
<STATE> 5
<MEAN> 39
 -3.304086e+01 -5.795092e+00 2.781563e+00 -1.675024e+01 7.942789e+00 -7.646486e+00 2.914082e+00 -4.263527e+00 1.240261e+00 -3.103371e+00 1.845546e+00 -4.163511e+00 8.351784e+01 3.311037e-01 2.151419e-01 5.036160e-02 3.094949e-01 1.165401e-01 -1.182105e-01 3.889382e-02 6.460490e-02 -1.696800e-01 -3.656690e-03 -2.441891e-01 4.796249e-02 -7.914751e-01 2.523615e-01 3.568253e-02 -6.512775e-02 2.673705e-02 1.039081e-03 -1.163063e-02 -5.967329e-02 -6.229035e-02 -6.656424e-02 -2.441719e-02 -5.625371e-03 5.547602e-02 -1.730339e-01
<VARIANCE> 39
 3.581779e+01 6.885375e+00 1.137302e+01 1.384082e+01 1.781667e+01 1.680844e+01 1.575385e+01 1.211906e+01 1.114175e+01 9.140486e+00 9.055369e+00 7.126325e+00 4.665878e+01 3.335932e+00 6.342568e-01 7.413694e-01 8.734475e-01 1.454473e+00 1.399807e+00 1.558162e+00 1.571197e+00 1.241816e+00 1.325616e+00 9.473523e-01 7.372112e-01 2.250726e+00 3.631266e-01 1.429832e-01 1.330206e-01 1.548441e-01 2.432704e-01 2.427422e-01 2.780395e-01 3.534066e-01 2.321406e-01 3.426692e-01 1.866730e-01 1.310601e-01 1.466430e-01
<GCONST> 8.855145e+01
<TRANSP> 6
 0.000000e+00 1.000000e+00 0.000000e+00 0.000000e+00 0.000000e+00 0.000000e+00
 0.000000e+00 9.129230e-01 8.707704e-02 0.000000e+00 0.000000e+00 0.000000e+00
 0.000000e+00 0.000000e+00 9.433346e-01 5.666541e-02 0.000000e+00 0.000000e+00
 0.000000e+00 0.000000e+00 0.000000e+00 8.695574e-01 1.304426e-01 0.000000e+00
 0.000000e+00 0.000000e+00 0.000000e+00 0.000000e+00 9.585105e-01 4.148952e-02
 0.000000e+00 0.000000e+00 0.000000e+00 0.000000e+00 0.000000e+00 0.000000e+00
<ENDHMM>
