~o
<STREAMINFO> 1 39
<VECSIZE> 39<NULLD><MFCC_D_A_0><DIAGC>
~h "seven"
<BEGINHMM>
<NUMSTATES> 6
<STATE> 2
<MEAN> 39
 -2.639265e+01 -7.994795e+00 3.044647e+00 -2.050549e+01 1.056328e+01 -1.536589e+01 4.629873e+00 -8.414713e+00 3.885497e+00 -3.612700e+00 1.882550e+00 -4.558572e+00 8.751951e+01 -5.209353e-02 2.461907e-01 4.305779e-02 2.804573e-02 2.651768e-01 -7.992304e-01 -6.453046e-02 -5.365126e-01 -1.731630e-01 -3.843336e-01 6.562019e-02 -1.777372e-01 1.158725e+00 2.492309e-01 1.859133e-01 -1.537326e-01 2.082146e-01 -1.901377e-01 -1.284413e-02 -2.021062e-01 1.874187e-02 -1.722257e-01 -5.016097e-02 -2.305638e-02 6.774000e-02 -1.594148e-01
<VARIANCE> 39
 6.254942e+01 1.777055e+01 1.702237e+01 2.461261e+01 2.788811e+01 3.021890e+01 3.233928e+01 2.028442e+01 1.133327e+01 1.654498e+01 1.265738e+01 1.027860e+01 4.025468e+01 8.329171e+00 2.847602e+00 2.198256e+00 3.315289e+00 2.961859e+00 2.659568e+00 4.484651e+00 3.406141e+00 2.418758e+00 1.946152e+00 1.433820e+00 1.342122e+00 2.887805e+00 6.990877e-01 4.732552e-01 3.855527e-01 4.716847e-01 2.637311e-01 4.751439e-01 4.401013e-01 6.021405e-01 3.553177e-01 3.824912e-01 3.025277e-01 2.930128e-01 2.568526e-01
<GCONST> 1.129618e+02
<STATE> 3
<MEAN> 39
 -6.329389e+00 3.126152e-02 -5.674366e+00 -1.470472e+01 5.885098e-01 -2.330164e+01 -6.409201e+00 -1.555321e+01 -4.157985e+00 -8.615563e+00 1.538418e+00 -2.788345e+00 9.463448e+01 1.179243e+00 1.873975e-01 -8.424057e-01 -2.113695e-01 -4.946888e-01 -5.353420e-01 2.293140e-01 8.477444e-02 -3.390312e-01 -7.887310e-01 2.163229e-01 5.196842e-01 -1.289909e-01 -4.584330e-01 -2.181868e-01 2.759849e-01 -5.951430e-02 4.069876e-01 1.982453e-01 5.579437e-01 1.864266e-01 8.168793e-02 -2.009587e-01 -3.758922e-02 -7.298899e-02 -4.165631e-01
<VARIANCE> 39
 2.636728e+00 5.788501e+00 1.391079e+01 9.005303e+00 8.238775e+00 2.429492e+01 1.150900e+01 2.054972e+01 1.873600e+01 3.743191e+01 1.282051e+01 2.379454e+01 4.997998e+00 1.911571e+00 8.466465e-01 1.293918e+00 8.818523e-01 1.649773e+00 1.738495e+00 2.520384e+00 2.550081e+00 2.883383e+00 4.148105e+00 1.369553e+00 1.962982e+00 1.761985e+00 5.890365e-01 2.626469e-01 1.930778e-01 2.409161e-01 1.251638e-01 4.212104e-01 3.292333e-01 6.915812e-01 8.321316e-01 7.689348e-01 3.001679e-01 3.950867e-01 1.027973e-01
<GCONST> 9.723504e+01
<STATE> 4
<MEAN> 39
 -4.841667e+00 -5.757527e-01 1.063142e-01 -1.408536e+01 7.070463e+00 -2.173762e+01 2.134872e+00 -1.572375e+01 -8.276088e+00 -1.614008e+01 3.900581e+00 -2.838917e+00 8.565920e+01 -8.371558e-02 1.204516e-01 6.183469e-01 3.261666e-01 7.183750e-01 4.196080e-01 1.484756e-01 4.239785e-02 -8.618687e-02 1.847423e-01 1.388091e-01 -4.386970e-02 -6.356467e-01 1.644650e-02 -2.655804e-02 -5.270943e-02 1.274607e-01 -1.415566e-02 7.943818e-02 -1.689222e-01 1.081259e-01 4.851160e-03 1.975785e-01 -1.112160e-01 4.739669e-02 1.684260e-02
<VARIANCE> 39
 1.143131e+01 2.346269e+01 2.499478e+01 2.434147e+01 1.885472e+01 4.303273e+01 2.041918e+01 2.423020e+01 2.397242e+01 4.711199e+01 6.797897e+01 3.138127e+01 3.064329e+01 1.487991e+00 2.180462e+00 1.905228e+00 3.905042e+00 2.145076e+00 5.051136e+00 2.015441e+00 2.250975e+00 2.537457e+00 4.509459e+00 6.017662e+00 4.293649e+00 5.018268e+00 3.617885e-01 4.008482e-01 3.778987e-01 6.249627e-01 3.510644e-01 8.989710e-01 3.819619e-01 4.600711e-01 4.858499e-01 7.428708e-01 9.052950e-01 9.483349e-01 5.941939e-01
<GCONST> 1.211226e+02
<STATE> 5
<MEAN> 39
 -4.728932e+00 8.315105e-01 3.770913e+00 -3.307810e-01 1.058223e+01 -6.600847e+00 -3.804807e+00 -8.684734e+00 -1.012234e+01 -5.309775e+00 -1.036903e+00 -2.945725e+00 6.942725e+01 -4.368909e-01 -3.555268e-01 -3.386416e-01 5.775312e-01 -8.798556e-01 1.091491e+00 -3.186439e-01 5.671623e-01 2.122131e-01 6.984807e-01 -3.683957e-01 -7.670725e-02 -1.082041e+00 -1.197608e-01 -1.450025e-02 -4.015461e-02 -2.162289e-01 -1.593323e-01 -1.233319e-01 1.014219e-01 -7.954194e-02 1.249317e-01 -5.236079e-02 1.941422e-01 -2.464282e-02 9.084322e-02
<VARIANCE> 39
 1.840308e+01 7.053863e+00 8.716122e+00 2.255602e+01 3.193619e+01 4.901894e+01 1.330803e+01 1.825394e+01 3.062513e+01 1.828465e+01 1.945016e+01 1.627784e+01 2.674247e+01 1.715364e+00 7.637829e-01 1.055402e+00 3.218829e+00 1.526783e+00 2.041142e+00 1.687922e+00 1.763820e+00 2.830965e+00 1.187904e+00 2.730247e+00 2.043487e+00 4.892444e-01 2.251098e-01 1.569066e-01 2.219946e-01 4.391862e-01 3.341674e-01 3.721012e-01 3.065304e-01 3.271507e-01 3.799698e-01 2.461433e-01 4.925009e-01 4.045892e-01 1.123121e-01
<GCONST> 9.975789e+01
<TRANSP> 6
 0.000000e+00 1.000000e+00 0.000000e+00 0.000000e+00 0.000000e+00 0.000000e+00
 0.000000e+00 9.492386e-01 5.076141e-02 0.000000e+00 0.000000e+00 0.000000e+00
 0.000000e+00 0.000000e+00 8.820234e-01 1.179766e-01 0.000000e+00 0.000000e+00
 0.000000e+00 0.000000e+00 0.000000e+00 9.486454e-01 5.135461e-02 0.000000e+00
 0.000000e+00 0.000000e+00 0.000000e+00 0.000000e+00 9.326661e-01 6.733391e-02
 0.000000e+00 0.000000e+00 0.000000e+00 0.000000e+00 0.000000e+00 0.000000e+00
<ENDHMM>
