~o
<STREAMINFO> 1 39
<VECSIZE> 39<NULLD><MFCC_D_A_0><DIAGC>
~h "divide"
<BEGINHMM>
<NUMSTATES> 6
<STATE> 2
<MEAN> 39
 -9.253526e+00 2.898200e+00 5.337927e+00 -6.161976e+00 6.655267e+00 -1.780183e+01 -8.142364e+00 -9.774573e+00 -8.973121e+00 -1.548018e+01 -4.152382e+00 -9.068766e+00 8.191546e+01 9.089000e-01 1.815547e-01 -6.113482e-01 -5.454178e-01 -2.241890e-01 -2.099328e-01 1.383357e-01 -1.663647e-01 -7.429604e-01 -1.655738e-01 2.925817e-01 1.048879e-01 4.639266e-01 1.808809e-02 -8.784331e-02 -2.186221e-01 -6.605497e-02 -9.467837e-02 1.943914e-01 1.593281e-01 3.721441e-02 1.021547e-01 1.897160e-01 6.551355e-02 7.320975e-02 -1.923933e-01
<VARIANCE> 39
 3.845412e+01 3.087543e+01 4.361662e+01 6.363410e+01 3.182275e+01 6.462599e+01 5.094262e+01 3.259982e+01 3.594279e+01 2.700308e+01 2.919091e+01 2.136180e+01 1.550383e+01 4.263946e+00 2.898538e+00 3.396713e+00 5.354481e+00 3.174967e+00 7.760190e+00 5.280647e+00 1.939889e+00 3.609657e+00 4.011595e+00 3.051078e+00 2.282400e+00 2.432925e+00 8.621929e-01 3.864879e-01 2.654534e-01 8.188822e-01 3.449078e-01 9.728326e-01 7.117742e-01 3.797168e-01 8.269015e-01 6.807785e-01 5.084251e-01 3.877212e-01 5.685523e-01
<GCONST> 1.264437e+02
<STATE> 3
<MEAN> 39
 -1.517630e+00 -2.255231e+00 -1.687926e+01 -1.851312e+01 1.018930e+00 -1.393603e+01 1.669008e+00 -1.041825e+01 -4.168018e+00 -1.408221e+01 5.816467e+00 -4.787908e+00 8.821865e+01 -2.361205e-01 -1.493384e-01 -4.599908e-02 3.248179e-01 7.650900e-01 -3.596580e-01 -3.472008e-01 2.380824e-01 1.140538e+00 7.606118e-03 4.849946e-01 -2.419822e-01 4.364063e-02 -1.141773e-01 4.937116e-02 2.901679e-01 9.938705e-02 4.764152e-02 -1.298797e-01 -1.827688e-01 5.989746e-02 -3.949662e-02 -6.526452e-02 -1.654332e-02 -2.227117e-02 -5.120615e-02
<VARIANCE> 39
 2.993634e+00 7.409743e+00 1.874402e+01 7.245865e+00 3.766241e+01 3.330122e+01 2.667943e+01 2.988608e+01 5.623529e+01 2.405738e+01 3.416656e+01 1.350343e+01 3.830477e+00 2.910323e-01 5.503490e-01 2.795816e+00 6.886300e-01 1.125895e+00 2.488373e+00 1.934248e+00 1.045270e+00 1.232829e+00 1.409415e+00 1.487730e+00 9.637344e-01 7.967871e-02 2.854178e-02 1.128607e-01 1.347958e-01 1.019277e-01 1.793908e-01 2.293775e-01 1.318516e-01 1.650834e-01 2.341849e-01 2.491017e-01 2.885594e-01 1.573936e-01 2.168568e-02
<GCONST> 8.032335e+01
<STATE> 4
<MEAN> 39
 -1.023686e+01 -2.668643e+00 3.781691e+00 -7.358493e+00 1.100736e+01 -2.923444e+01 -1.315527e+01 -5.340844e+00 9.663641e-01 -1.523721e+01 9.371557e+00 -6.807464e+00 8.547656e+01 -5.761716e-01 5.055743e-01 1.991188e+00 1.131046e+00 3.162024e-01 -2.088408e-02 -2.064007e-01 -2.058836e-01 -1.357563e+00 -4.696098e-01 -1.315760e+00 1.953971e-01 -1.276005e+00 1.887217e-01 4.151320e-02 -5.805261e-01 -2.195185e-01 -1.381108e-01 7.200997e-01 4.747286e-01 -1.387943e-01 -1.066960e-01 2.461965e-01 -1.645651e-01 1.261808e-01 -3.833948e-01
<VARIANCE> 39
 5.476461e+00 1.794373e+01 5.506255e+01 1.762374e+01 1.349497e+01 1.909381e+01 1.802972e+01 2.375965e+01 3.301812e+01 1.746457e+01 2.177302e+01 1.186972e+01 1.370971e+01 5.082938e-01 9.000080e-01 3.288896e+00 7.616898e-01 1.168328e+00 5.508543e+00 4.095994e+00 1.414908e+00 1.172929e+00 1.626914e+00 1.652892e+00 9.411705e-01 1.674031e+00 2.844050e-02 2.460321e-01 4.388930e-01 1.690690e-01 4.277526e-01 3.227453e-01 3.129203e-01 2.875160e-01 3.407761e-01 5.052447e-01 2.441456e-01 2.324530e-01 1.147564e-01
<GCONST> 9.589805e+01
<STATE> 5
<MEAN> 39
 -1.628639e+01 -6.396182e+00 1.562522e+00 -9.569731e+00 1.408074e+00 -1.187735e+01 -6.876362e+00 -7.895464e+00 -2.432759e+00 -5.114715e+00 3.967130e-01 -3.557088e+00 7.178476e+01 -3.297639e-01 -4.957952e-01 -3.685632e-01 -2.810218e-01 -6.656054e-01 9.426110e-01 1.608666e-01 2.792426e-01 2.414311e-01 9.593574e-01 -9.893203e-02 2.113726e-01 -7.074041e-01 -2.015199e-02 2.434382e-02 1.182259e-01 7.360150e-02 3.886696e-02 -1.624772e-01 -1.002093e-01 5.513459e-02 2.083350e-02 -8.185754e-02 1.762438e-02 -2.773095e-02 1.063062e-01
<VARIANCE> 39
 3.859327e+01 2.491690e+01 1.739720e+01 2.616308e+01 2.756493e+01 2.988993e+01 2.071759e+01 1.935005e+01 2.129895e+01 3.578565e+01 2.231157e+01 2.316490e+01 7.489598e+01 4.332862e+00 1.849085e+00 3.987697e+00 3.275347e+00 2.960400e+00 5.746604e+00 3.058702e+00 2.556835e+00 1.943864e+00 4.740004e+00 2.197263e+00 2.823616e+00 1.309256e+01 8.593481e-01 3.633311e-01 7.534330e-01 6.727728e-01 5.063569e-01 8.708597e-01 7.421100e-01 4.380059e-01 3.988216e-01 7.983317e-01 4.917921e-01 5.329327e-01 2.278946e+00
<GCONST> 1.252877e+02
<TRANSP> 6
 0.000000e+00 1.000000e+00 0.000000e+00 0.000000e+00 0.000000e+00 0.000000e+00
 0.000000e+00 9.486650e-01 5.133507e-02 0.000000e+00 0.000000e+00 0.000000e+00
 0.000000e+00 0.000000e+00 9.439321e-01 5.606791e-02 0.000000e+00 0.000000e+00
 0.000000e+00 0.000000e+00 0.000000e+00 8.934191e-01 1.065809e-01 0.000000e+00
 0.000000e+00 0.000000e+00 0.000000e+00 0.000000e+00 9.447584e-01 5.524163e-02
 0.000000e+00 0.000000e+00 0.000000e+00 0.000000e+00 0.000000e+00 0.000000e+00
<ENDHMM>
