~o
<STREAMINFO> 1 39
<VECSIZE> 39<NULLD><MFCC_D_A_0><DIAGC>
~h "sil"
<BEGINHMM>
<NUMSTATES> 6
<STATE> 2
<MEAN> 39
 -1.558959e+01 -3.384720e+00 -4.509043e-01 -4.583966e+00 1.939498e+00 -3.063211e+00 -2.112208e+00 -3.654623e+00 -3.734669e+00 -2.724149e+00 -6.043548e-02 -1.837466e+00 6.193975e+01 2.888249e-02 -4.308395e-03 -7.671145e-02 9.907531e-02 -1.109449e-01 1.220419e-01 -1.894327e-02 -5.397951e-03 3.844509e-02 -4.480950e-02 -7.180548e-02 -3.128177e-02 -9.186448e-02 1.657056e-02 -6.558019e-03 4.628155e-03 2.256951e-02 -3.601804e-02 -2.707231e-02 -2.744503e-03 -1.743389e-02 3.704315e-02 -4.428680e-03 5.729187e-03 -1.198974e-02 2.856660e-02
<VARIANCE> 39
 2.263426e+01 2.433089e+01 3.644960e+01 4.175513e+01 2.544673e+01 3.075192e+01 2.353648e+01 3.408635e+01 2.444535e+01 2.036864e+01 2.330864e+01 2.011555e+01 1.684888e+01 1.253846e+00 1.328844e+00 1.642360e+00 2.032844e+00 2.148378e+00 2.224864e+00 2.160833e+00 2.202908e+00 2.124615e+00 2.001500e+00 1.599075e+00 1.531711e+00 1.695580e+00 2.225761e-01 2.330600e-01 2.953421e-01 3.431485e-01 4.018637e-01 3.937970e-01 4.143849e-01 4.082830e-01 4.180021e-01 3.912019e-01 3.039656e-01 2.944193e-01 3.212757e-01
<GCONST> 1.073350e+02
<STATE> 3
<MEAN> 39
 -1.551854e+01 -2.474360e+00 -1.245177e+00 -3.222742e+00 -4.564108e-01 -3.540816e+00 -2.004240e+00 -3.049868e+00 -2.188869e+00 -2.760984e+00 -1.325271e+00 -2.205269e+00 5.995486e+01 2.769988e-02 -3.523974e-02 3.560668e-03 2.486930e-02 -2.581401e-02 -1.851203e-03 2.786969e-02 -1.030092e-02 3.314188e-02 -2.703845e-02 -8.838017e-03 -1.955100e-02 5.101768e-02 1.492095e-03 -2.330775e-03 9.599549e-03 -1.439401e-02 9.013726e-03 -3.572596e-03 -8.456351e-03 6.088879e-05 -1.327550e-02 6.614489e-03 4.411013e-03 2.071799e-03 1.092250e-02
<VARIANCE> 39
 5.861406e+00 4.565442e+00 7.222632e+00 1.011195e+01 8.873601e+00 1.080661e+01 1.025321e+01 1.277643e+01 1.090337e+01 1.074972e+01 1.073020e+01 9.508316e+00 3.735373e+00 1.699443e-01 2.227088e-01 3.908624e-01 6.102682e-01 8.155092e-01 9.133143e-01 1.044315e+00 1.086124e+00 1.146066e+00 1.083768e+00 1.051090e+00 9.085556e-01 8.218709e-02 3.327959e-02 4.536227e-02 8.114152e-02 1.201511e-01 1.622044e-01 1.872621e-01 2.195226e-01 2.213759e-01 2.343171e-01 2.268780e-01 2.209576e-01 1.882352e-01 1.326643e-02
<GCONST> 6.411481e+01
<STATE> 4
<MEAN> 39
 -1.427738e+01 -4.354650e+00 -1.122154e+00 -2.802497e+00 -2.313203e+00 -2.472754e+00 -3.123576e+00 -1.721800e+00 -3.032233e+00 -1.951380e+00 -2.399535e+00 -1.561993e+00 5.905267e+01 -3.833057e-03 3.003188e-03 -8.534733e-03 1.096195e-02 -2.142991e-02 2.230822e-02 -2.490995e-02 9.168625e-03 -4.458056e-03 2.130438e-02 4.791786e-04 9.874874e-03 -3.822416e-02 6.270825e-04 3.626682e-03 4.542782e-03 -2.593372e-03 9.415622e-03 -3.728391e-03 6.212251e-03 5.681268e-03 -1.086377e-03 2.102286e-04 2.799651e-04 1.015286e-03 5.095041e-03
<VARIANCE> 39
 1.933797e+00 2.325388e+00 2.866579e+00 4.735179e+00 5.257739e+00 6.304985e+00 7.062163e+00 7.681403e+00 7.845271e+00 7.720869e+00 7.167830e+00 6.599391e+00 1.546591e+00 6.301981e-02 1.302791e-01 2.304564e-01 3.468041e-01 4.641944e-01 5.796480e-01 6.737782e-01 7.533760e-01 7.772063e-01 7.973344e-01 7.348804e-01 6.354222e-01 1.981411e-02 1.290666e-02 2.695959e-02 4.831439e-02 7.134755e-02 9.569213e-02 1.197974e-01 1.388992e-01 1.554136e-01 1.603607e-01 1.649994e-01 1.531097e-01 1.275772e-01 3.917527e-03
<GCONST> 4.215051e+01
<STATE> 5
<MEAN> 39
 -1.531951e+01 -2.431577e+00 5.527238e-01 -4.626236e+00 1.996939e+00 -4.203044e+00 -9.612362e-01 -3.430309e+00 -2.725869e+00 -2.944764e+00 -1.225606e+00 -2.755020e+00 6.397208e+01 5.368401e-02 4.226085e-02 3.556085e-01 -5.525082e-01 5.143113e-01 -6.036662e-01 1.662483e-01 -3.873667e-01 -1.634293e-01 -1.840543e-01 6.330626e-03 -2.492666e-01 1.232096e+00 1.682738e-02 6.555252e-03 3.717354e-02 -9.639061e-02 3.711416e-02 -1.614060e-01 2.390383e-03 -1.161177e-01 -2.903045e-02 -1.187446e-01 2.030599e-02 -6.763674e-02 3.079458e-01
<VARIANCE> 39
 2.235428e+01 2.793537e+01 2.604013e+01 4.178572e+01 2.800178e+01 4.041321e+01 2.279053e+01 2.829704e+01 2.528403e+01 2.029486e+01 2.167433e+01 1.535652e+01 4.221692e+01 2.709916e+00 3.188191e+00 2.734265e+00 3.610171e+00 3.108348e+00 4.412029e+00 2.434067e+00 2.645688e+00 2.887687e+00 2.630354e+00 2.386460e+00 1.548833e+00 6.534312e+00 4.422928e-01 5.364109e-01 4.975058e-01 6.580117e-01 5.700591e-01 7.593486e-01 5.008410e-01 4.788402e-01 4.795008e-01 4.890435e-01 4.267586e-01 2.887558e-01 9.866822e-01
<GCONST> 1.201588e+02
<TRANSP> 6
 0.000000e+00 6.148774e-01 3.851226e-01 0.000000e+00 0.000000e+00 0.000000e+00
 0.000000e+00 9.221148e-01 7.548390e-02 2.401260e-03 0.000000e+00 0.000000e+00
 0.000000e+00 0.000000e+00 9.508435e-01 3.272978e-02 1.642682e-02 0.000000e+00
 0.000000e+00 0.000000e+00 0.000000e+00 9.706858e-01 1.085255e-02 1.846159e-02
 0.000000e+00 0.000000e+00 0.000000e+00 0.000000e+00 8.972331e-01 1.027669e-01
 0.000000e+00 0.000000e+00 0.000000e+00 0.000000e+00 0.000000e+00 0.000000e+00
<ENDHMM>
