~o
<STREAMINFO> 1 39
<VECSIZE> 39<NULLD><MFCC_D_A_0><DIAGC>
~h "plus"
<BEGINHMM>
<NUMSTATES> 6
<STATE> 2
<MEAN> 39
 -1.125027e+01 -3.787600e+00 -4.824370e+00 -1.182683e+01 -5.948653e+00 -1.120608e+01 3.247095e+00 -1.500353e+01 -8.158524e+00 -9.800739e+00 2.220588e+00 -1.138380e+00 8.535899e+01 8.727831e-01 7.198212e-01 -9.200600e-01 -4.977402e-01 -6.056732e-01 -1.233107e+00 2.810279e-01 -7.658355e-01 -1.157899e+00 -7.096105e-01 -2.055650e-01 1.499316e-01 1.376485e+00 4.911919e-02 3.002672e-02 -6.093210e-02 7.703350e-02 1.284266e-01 1.284240e-02 -7.612130e-02 2.507778e-01 1.336164e-01 1.404096e-01 -1.381124e-01 -3.939727e-02 -4.047649e-01
<VARIANCE> 39
 3.125460e+01 5.942402e+01 1.973798e+01 1.303819e+01 2.130841e+01 5.752250e+01 2.562594e+01 2.654387e+01 5.445968e+01 3.743336e+01 3.174603e+01 1.549424e+01 1.446611e+01 2.433613e+00 5.846651e+00 1.878999e+00 1.618365e+00 1.592635e+00 3.942865e+00 1.600042e+00 2.350499e+00 4.222202e+00 3.173707e+00 3.539265e+00 1.633295e+00 2.588374e+00 5.295297e-01 1.232997e+00 3.578624e-01 3.023618e-01 2.728654e-01 7.542431e-01 3.063794e-01 4.490878e-01 1.037578e+00 6.207337e-01 7.854181e-01 3.168950e-01 6.014004e-01
<GCONST> 1.185549e+02
<STATE> 3
<MEAN> 39
 -3.833206e+00 -5.607777e+00 -1.700319e+01 -1.639712e+01 2.420704e-01 -1.521201e+01 2.770198e+00 -1.306705e+01 -1.160524e+00 -1.260968e+01 3.791961e+00 -2.317119e+00 8.852126e+01 6.154823e-02 -4.856309e-01 -1.096845e-01 -2.173385e-01 5.934926e-01 4.200820e-01 -8.689418e-02 1.131133e-01 1.292651e+00 -1.310022e-01 2.783021e-01 1.956733e-01 -6.081116e-01 -8.018856e-02 1.543695e-01 1.634711e-01 1.610426e-02 -4.322844e-02 5.081207e-02 -3.315601e-02 -8.672365e-02 -7.942200e-02 -3.272031e-02 -7.653746e-03 6.724201e-02 -1.344797e-01
<VARIANCE> 39
 4.101673e+00 1.815893e+01 2.204855e+01 1.320261e+01 2.527303e+01 2.526388e+01 1.759456e+01 1.705346e+01 9.119187e+01 2.816969e+01 3.308061e+01 2.807809e+01 1.558623e+01 4.081868e-01 1.249308e+00 2.134957e+00 6.240375e-01 1.284851e+00 1.414994e+00 1.224112e+00 1.787859e+00 2.179954e+00 1.872968e+00 1.943978e+00 1.755782e+00 6.809441e-01 7.651826e-02 1.596040e-01 2.367768e-01 1.322881e-01 2.572964e-01 2.578972e-01 2.511785e-01 2.661931e-01 3.958730e-01 3.739803e-01 3.092774e-01 2.645876e-01 7.650713e-02
<GCONST> 9.423045e+01
<STATE> 4
<MEAN> 39
 -1.256156e+01 -3.709449e+00 -4.754767e+00 -1.928127e+01 5.591947e+00 -9.175807e+00 -4.419514e-01 -1.479179e+01 4.013076e+00 -1.056426e+01 6.954368e+00 1.562428e+00 7.669768e+01 -2.873648e+00 -1.910209e-01 2.147738e+00 -2.440244e-01 3.345972e-03 8.308638e-01 -3.289228e-01 1.178613e+00 -9.030222e-01 1.643824e+00 -3.464942e-01 -6.829913e-01 4.437106e-01 -4.913498e-01 -2.576957e-01 -9.043033e-02 1.073328e-01 -1.128798e-01 1.363034e-02 2.163765e-01 4.226426e-01 4.083756e-02 1.334854e-01 -1.234650e-01 -1.893445e-01 5.476747e-01
<VARIANCE> 39
 4.499536e+01 2.121629e+01 4.234786e+01 1.223125e+01 1.747974e+01 2.852189e+01 2.627725e+01 2.830390e+01 5.764675e+01 6.087521e+01 2.176735e+01 3.520341e+01 2.257351e+01 4.707884e+00 4.217363e+00 1.567191e+00 1.164913e+00 2.839328e+00 2.123208e+00 3.013892e+00 4.572089e+00 3.506648e+00 6.519730e+00 1.718836e+00 2.751656e+00 5.596582e+00 5.435531e-01 7.277254e-01 3.618313e-01 2.112433e-01 6.009398e-01 4.494001e-01 5.434130e-01 5.346798e-01 6.875824e-01 1.357041e+00 3.237353e-01 4.672938e-01 5.074587e-01
<GCONST> 1.212689e+02
<STATE> 5
<MEAN> 39
 -3.304094e+01 -5.795044e+00 2.781518e+00 -1.675021e+01 7.942848e+00 -7.646421e+00 2.914128e+00 -4.263580e+00 1.240275e+00 -3.103411e+00 1.845377e+00 -4.163516e+00 8.351785e+01 3.310938e-01 2.151404e-01 5.035632e-02 3.094907e-01 1.165399e-01 -1.182224e-01 3.890644e-02 6.460150e-02 -1.696624e-01 -3.652964e-03 -2.441867e-01 4.796770e-02 -7.914776e-01 2.523628e-01 3.568554e-02 -6.512582e-02 2.673768e-02 1.039208e-03 -1.163503e-02 -5.967646e-02 -6.229120e-02 -6.656144e-02 -2.442077e-02 -5.627828e-03 5.547484e-02 -1.730331e-01
<VARIANCE> 39
 3.581779e+01 6.885374e+00 1.137254e+01 1.384017e+01 1.781634e+01 1.680878e+01 1.575334e+01 1.211910e+01 1.114108e+01 9.140236e+00 9.055559e+00 7.126177e+00 4.665836e+01 3.336003e+00 6.342349e-01 7.413715e-01 8.734321e-01 1.454448e+00 1.399812e+00 1.558166e+00 1.571190e+00 1.241748e+00 1.325595e+00 9.473212e-01 7.372191e-01 2.250716e+00 3.631379e-01 1.429797e-01 1.330206e-01 1.548415e-01 2.432672e-01 2.427495e-01 2.780453e-01 3.534026e-01 2.321321e-01 3.426708e-01 1.866701e-01 1.310615e-01 1.466448e-01
<GCONST> 8.855107e+01
<TRANSP> 6
 0.000000e+00 1.000000e+00 0.000000e+00 0.000000e+00 0.000000e+00 0.000000e+00
 0.000000e+00 9.129159e-01 8.708414e-02 0.000000e+00 0.000000e+00 0.000000e+00
 0.000000e+00 0.000000e+00 9.433363e-01 5.666368e-02 0.000000e+00 0.000000e+00
 0.000000e+00 0.000000e+00 0.000000e+00 8.695575e-01 1.304425e-01 0.000000e+00
 0.000000e+00 0.000000e+00 0.000000e+00 0.000000e+00 9.585106e-01 4.148948e-02
 0.000000e+00 0.000000e+00 0.000000e+00 0.000000e+00 0.000000e+00 0.000000e+00
<ENDHMM>
