~o
<STREAMINFO> 1 39
<VECSIZE> 39<NULLD><MFCC_D_A_0><DIAGC>
~h "nine"
<BEGINHMM>
<NUMSTATES> 6
<STATE> 2
<MEAN> 39
 -3.250739e+00 6.732134e+00 5.822688e+00 -6.120645e+00 1.271909e+01 -1.571247e+01 3.187228e+00 -1.228008e+01 -1.553834e+01 -5.822748e+00 -5.405214e+00 -3.578311e+00 7.693826e+01 5.094842e-01 -3.680750e-01 -4.729473e-01 -1.834301e+00 -6.629671e-01 -1.524722e+00 1.196094e+00 -3.167137e-01 2.182402e-01 -5.324201e-01 1.509975e+00 7.123261e-02 2.780967e+00 -2.958062e-01 -4.306018e-01 -4.808292e-01 -2.224056e-01 -3.552490e-01 1.655401e-01 9.090199e-02 4.123687e-01 3.516504e-01 -2.785163e-02 2.750329e-01 1.353396e-01 7.126655e-03
<VARIANCE> 39
 9.106112e+00 1.906375e+01 1.106618e+01 4.888489e+01 5.084395e+01 3.067752e+01 4.261530e+01 2.639050e+01 3.809593e+01 1.569832e+01 5.015451e+01 2.000294e+01 6.884814e+01 2.860178e+00 4.321572e+00 3.040354e+00 2.428644e+00 7.999856e+00 3.730854e+00 3.016850e+00 3.905315e+00 5.759141e+00 1.295141e+00 4.896513e+00 2.131560e+00 2.268432e+00 3.066481e-01 5.519525e-01 2.970753e-01 4.818797e-01 1.280993e+00 9.052098e-01 6.242228e-01 5.362598e-01 8.453333e-01 2.412654e-01 8.660486e-01 4.513513e-01 5.809465e-01
<GCONST> 1.228528e+02
<STATE> 3
<MEAN> 39
 -4.088683e+00 -1.593072e+00 -7.229098e+00 -2.017664e+01 7.498745e+00 -1.873984e+01 1.025343e+01 -6.457747e+00 -2.001503e+00 -1.693056e+01 5.929519e+00 2.630286e+00 9.296953e+01 -6.350948e-02 -2.308281e-01 -2.011691e-01 -7.179532e-02 6.016286e-01 -1.313319e-02 -3.517302e-01 1.681062e-01 7.828693e-01 -4.292783e-01 3.441953e-01 -2.704555e-02 -2.833131e-02 -3.980206e-02 4.373561e-02 2.255375e-01 1.609080e-01 7.462633e-02 -9.209284e-02 -1.101142e-01 -7.037351e-02 1.327502e-02 8.116285e-02 -5.253328e-02 -1.580224e-01 -1.323870e-01
<VARIANCE> 39
 2.439124e+00 6.493007e+00 1.605281e+01 8.817097e+00 2.203686e+01 2.270806e+01 1.567801e+01 1.046828e+01 3.701856e+01 3.694930e+01 2.280963e+01 2.025848e+01 2.934508e+00 2.055661e-01 4.702281e-01 1.548401e+00 7.715985e-01 1.269470e+00 2.895583e+00 1.148564e+00 1.045010e+00 1.492652e+00 2.553106e+00 1.892820e+00 2.423512e+00 2.602277e-01 3.218642e-02 8.769389e-02 1.415471e-01 2.095525e-01 2.698553e-01 4.832413e-01 1.492642e-01 1.719581e-01 2.830778e-01 3.548124e-01 4.416346e-01 2.546154e-01 1.165883e-01
<GCONST> 8.426189e+01
<STATE> 4
<MEAN> 39
 -1.021306e+01 -3.592877e+00 7.789034e+00 -1.062276e+01 1.368571e+01 -3.397393e+01 -1.089308e+00 -5.302726e+00 6.874287e+00 -1.602082e+01 8.176827e+00 -7.647155e+00 8.745343e+01 -5.333412e-01 1.551679e-02 1.782991e+00 1.203758e+00 -1.758543e-01 -1.121678e+00 -3.942647e-01 3.430383e-01 -4.672472e-01 -1.155385e-01 -1.001627e+00 -2.629201e-01 -8.142124e-01 8.385956e-03 -2.660770e-02 -5.537231e-02 -3.296673e-02 -4.988557e-02 2.736092e-01 1.360367e-01 4.707483e-02 -2.101999e-01 -5.614618e-02 -8.795408e-02 1.882115e-01 -7.279869e-02
<VARIANCE> 39
 7.990834e+00 5.548832e+00 5.928783e+01 2.786324e+01 1.089085e+01 3.186324e+01 1.009508e+01 1.478938e+01 2.069506e+01 1.050021e+01 3.002613e+01 1.660226e+01 1.373315e+01 2.045056e-01 4.880686e-01 4.851613e-01 5.527988e-01 7.775531e-01 1.797678e+00 1.172019e+00 1.237987e+00 1.691622e+00 1.243177e+00 1.104497e+00 1.621368e+00 2.119818e-01 3.372661e-02 6.592155e-02 6.993875e-02 8.083313e-02 1.440655e-01 1.812840e-01 1.481451e-01 1.996575e-01 1.735611e-01 2.192392e-01 2.323674e-01 1.840561e-01 1.729425e-02
<GCONST> 7.587994e+01
<STATE> 5
<MEAN> 39
 -1.526575e+01 -8.113657e+00 1.586830e+01 -2.190790e+00 4.766095e+00 -2.672792e+01 -1.150130e+00 3.064341e+00 -6.597595e+00 -1.330585e+01 -4.162876e-01 -1.168978e+00 7.276253e+01 1.929242e-02 -1.907936e-01 -1.100368e+00 4.954724e-01 -1.218737e+00 1.986837e+00 -3.327061e-02 5.916663e-01 -5.607338e-01 8.057458e-01 -2.151517e-01 5.054623e-01 -1.387512e+00 6.857752e-02 9.286629e-02 -2.119241e-01 -8.954628e-02 -3.089408e-02 8.466038e-02 -2.592492e-02 -1.367561e-01 1.984635e-01 4.858803e-02 2.304212e-02 -6.273896e-02 1.582598e-02
<VARIANCE> 39
 1.441568e+01 2.576414e+01 4.536927e+01 1.788977e+01 6.076274e+01 9.087006e+01 2.145729e+01 3.542068e+01 4.076027e+01 3.061080e+01 1.697065e+01 3.347038e+01 3.175491e+01 8.538060e-01 1.312312e+00 2.233784e+00 1.281589e+00 2.693292e+00 1.863421e+00 1.829834e+00 2.398183e+00 2.895428e+00 2.004988e+00 1.405452e+00 1.783275e+00 4.067617e-01 1.205125e-01 1.407634e-01 1.998762e-01 3.085097e-01 5.565861e-01 3.033251e-01 3.909889e-01 3.922867e-01 4.049351e-01 3.760810e-01 2.568560e-01 3.164040e-01 4.821979e-02
<GCONST> 1.045679e+02
<TRANSP> 6
 0.000000e+00 1.000000e+00 0.000000e+00 0.000000e+00 0.000000e+00 0.000000e+00
 0.000000e+00 8.967019e-01 1.032981e-01 0.000000e+00 0.000000e+00 0.000000e+00
 0.000000e+00 0.000000e+00 9.470716e-01 5.292837e-02 0.000000e+00 0.000000e+00
 0.000000e+00 0.000000e+00 0.000000e+00 9.210550e-01 7.894502e-02 0.000000e+00
 0.000000e+00 0.000000e+00 0.000000e+00 0.000000e+00 9.222296e-01 7.777038e-02
 0.000000e+00 0.000000e+00 0.000000e+00 0.000000e+00 0.000000e+00 0.000000e+00
<ENDHMM>
