~o
<STREAMINFO> 1 39
<VECSIZE> 39<NULLD><MFCC_D_A_0><DIAGC>
~h "five"
<BEGINHMM>
<NUMSTATES> 6
<STATE> 2
<MEAN> 39
 -1.959476e+01 -7.709654e+00 -5.313283e+00 -1.283670e+01 3.335909e+00 -9.712288e+00 2.052506e+00 -7.637487e+00 -5.031925e-01 -7.710306e+00 3.292958e+00 -5.474461e+00 8.271333e+01 6.687161e-01 2.178778e-01 -1.988976e-01 -4.207389e-01 -5.288284e-01 -5.688669e-01 1.200305e-01 3.284573e-02 -1.508792e-01 -6.241236e-01 -3.042303e-01 1.573379e-01 1.212442e+00 7.769183e-02 2.550727e-02 7.512798e-03 2.789576e-02 -5.767516e-02 1.173927e-02 -5.041895e-02 9.783901e-02 3.546622e-02 -9.786317e-03 -7.819419e-03 4.466921e-02 -5.506927e-02
<VARIANCE> 39
 8.355410e+01 3.363321e+01 1.637000e+01 1.646971e+01 3.479414e+01 2.994751e+01 2.293554e+01 1.929349e+01 2.568904e+01 3.177731e+01 2.213018e+01 1.597566e+01 5.655730e+01 6.255846e+00 3.308838e+00 1.928202e+00 1.026164e+00 2.933406e+00 2.492299e+00 2.453995e+00 2.016171e+00 2.691593e+00 2.617388e+00 2.776530e+00 1.459202e+00 1.526493e+00 7.326978e-01 6.705073e-01 3.568434e-01 2.210641e-01 4.951771e-01 5.589545e-01 4.711413e-01 4.061060e-01 5.497381e-01 4.735207e-01 6.008834e-01 2.612456e-01 2.372786e-01
<GCONST> 1.151150e+02
<STATE> 3
<MEAN> 39
 -3.596386e+00 -4.292743e+00 -9.870425e+00 -1.683514e+01 -1.869651e+00 -1.198725e+01 1.991563e+00 -2.940639e+00 -1.915233e-01 -1.542438e+01 5.125949e-01 1.174552e-02 9.331006e+01 -2.505738e-01 -2.588245e-01 1.085533e-01 1.889801e-01 7.838422e-01 -4.036775e-01 -3.740404e-01 5.221828e-02 7.109445e-01 1.989967e-01 4.800239e-01 -1.801352e-01 4.818548e-02 -7.573146e-02 5.565824e-02 1.901762e-01 7.948916e-02 8.680901e-02 -2.191484e-01 -7.721619e-02 -6.209403e-02 1.089757e-02 4.551894e-02 -1.726127e-02 -9.702339e-02 -1.066541e-01
<VARIANCE> 39
 7.470798e+00 1.252453e+01 9.627761e+00 1.592777e+01 3.354468e+01 3.965951e+01 2.236780e+01 1.870358e+01 2.529918e+01 4.337564e+01 2.433030e+01 1.435395e+01 7.259712e+00 3.319810e-01 6.467684e-01 1.020377e+00 1.510383e+00 1.606233e+00 4.679199e+00 1.882669e+00 1.470759e+00 1.990020e+00 1.992335e+00 1.178230e+00 1.274406e+00 2.960352e-01 6.529659e-02 1.281569e-01 1.125052e-01 2.991556e-01 3.423384e-01 4.100155e-01 2.744349e-01 2.480337e-01 3.850311e-01 4.194997e-01 2.208305e-01 1.975824e-01 6.820390e-02
<GCONST> 9.134721e+01
<STATE> 4
<MEAN> 39
 -1.091918e+01 -3.963800e+00 5.441368e+00 -6.760908e+00 1.017181e+01 -2.966253e+01 -8.465169e+00 -6.156656e+00 2.538095e+00 -1.397971e+01 -2.938654e-01 -6.317266e+00 8.300118e+01 -4.794829e-01 -1.042495e-01 3.644155e-01 4.016344e-01 2.171848e-01 7.672127e-01 -4.281734e-02 -2.163247e-01 -5.602680e-01 3.064179e-01 -5.062445e-01 -1.860970e-01 -1.231379e+00 -1.554260e-01 3.207064e-03 -2.236028e-01 -1.499730e-01 -1.401023e-01 3.727881e-01 2.668142e-01 -2.552518e-02 -5.429966e-02 -2.489248e-02 1.129036e-01 1.046713e-01 9.969684e-02
<VARIANCE> 39
 1.394553e+01 2.965772e+01 4.768751e+01 3.183392e+01 3.396732e+01 8.631151e+01 2.171847e+01 1.956083e+01 4.816984e+01 5.257870e+01 5.600869e+01 2.748562e+01 5.677176e+01 1.807502e+00 2.348172e+00 5.238509e+00 2.228712e+00 2.796867e+00 1.016800e+01 3.513633e+00 1.494682e+00 2.776717e+00 5.829876e+00 3.259290e+00 2.095906e+00 1.106013e+00 4.680943e-01 4.228146e-01 5.411802e-01 2.834313e-01 5.244366e-01 1.145476e+00 6.000394e-01 3.079856e-01 6.643140e-01 1.154624e+00 6.163154e-01 4.693504e-01 2.412962e-01
<GCONST> 1.233734e+02
<STATE> 5
<MEAN> 39
 -2.364412e+01 -6.306426e+00 -1.587567e+00 -1.041119e+01 7.699915e+00 -7.212667e+00 9.301813e-01 -7.570470e+00 -1.647364e+00 -7.586800e+00 1.815930e+00 -5.249618e+00 7.438602e+01 3.553561e-02 9.418093e-02 6.477634e-03 1.750649e-01 -4.478954e-01 3.881472e-01 1.168143e-01 2.982981e-01 -9.248319e-02 2.473550e-01 -4.754459e-02 1.987711e-01 -5.712039e-01 1.693879e-01 -6.478442e-03 4.920221e-02 1.162670e-01 1.737912e-03 -6.847505e-02 -1.296169e-01 4.801081e-02 -1.082416e-02 1.525739e-02 -1.104908e-01 9.427067e-03 -7.055930e-02
<VARIANCE> 39
 5.272708e+01 2.544566e+01 1.346123e+01 3.111514e+01 3.004411e+01 3.632773e+01 2.019952e+01 2.667528e+01 2.351958e+01 2.017353e+01 2.627064e+01 1.758323e+01 5.821937e+01 3.769399e+00 1.548331e+00 1.290023e+00 2.329589e+00 2.354656e+00 1.945633e+00 1.732569e+00 1.634834e+00 1.535961e+00 1.913673e+00 2.327847e+00 1.376768e+00 2.355352e+00 2.509930e-01 2.044306e-01 2.135485e-01 3.315399e-01 3.860548e-01 3.961262e-01 2.661242e-01 2.739926e-01 2.929561e-01 4.014131e-01 3.447490e-01 2.369768e-01 2.273093e-01
<GCONST> 1.068493e+02
<TRANSP> 6
 0.000000e+00 1.000000e+00 0.000000e+00 0.000000e+00 0.000000e+00 0.000000e+00
 0.000000e+00 9.514200e-01 4.857999e-02 0.000000e+00 0.000000e+00 0.000000e+00
 0.000000e+00 0.000000e+00 9.428284e-01 5.717163e-02 0.000000e+00 0.000000e+00
 0.000000e+00 0.000000e+00 0.000000e+00 9.361657e-01 6.383432e-02 0.000000e+00
 0.000000e+00 0.000000e+00 0.000000e+00 0.000000e+00 9.538299e-01 4.617014e-02
 0.000000e+00 0.000000e+00 0.000000e+00 0.000000e+00 0.000000e+00 0.000000e+00
<ENDHMM>
