~o
<STREAMINFO> 1 39
<VECSIZE> 39<NULLD><MFCC_D_A_0><DIAGC>
~h "seven"
<BEGINHMM>
<NUMSTATES> 6
<STATE> 2
<MEAN> 39
 -2.639273e+01 -7.994804e+00 3.044633e+00 -2.050558e+01 1.056323e+01 -1.536589e+01 4.629883e+00 -8.414817e+00 3.885493e+00 -3.612618e+00 1.882620e+00 -4.558572e+00 8.751942e+01 -5.208769e-02 2.461838e-01 4.306379e-02 2.804253e-02 2.651837e-01 -7.992186e-01 -6.453703e-02 -5.365123e-01 -1.731592e-01 -3.843468e-01 6.562076e-02 -1.777333e-01 1.158720e+00 2.492345e-01 1.859142e-01 -1.537353e-01 2.082156e-01 -1.901453e-01 -1.284986e-02 -2.021011e-01 1.873550e-02 -1.722205e-01 -5.016315e-02 -2.305634e-02 6.773949e-02 -1.594111e-01
<VARIANCE> 39
 6.254743e+01 1.777029e+01 1.702327e+01 2.461267e+01 2.788847e+01 3.021937e+01 3.233928e+01 2.028429e+01 1.133320e+01 1.654531e+01 1.265730e+01 1.027837e+01 4.025466e+01 8.328982e+00 2.847577e+00 2.198310e+00 3.315343e+00 2.961903e+00 2.659591e+00 4.484634e+00 3.406036e+00 2.418733e+00 1.946170e+00 1.433801e+00 1.342134e+00 2.887754e+00 6.990406e-01 4.732493e-01 3.855617e-01 4.716920e-01 2.637294e-01 4.751550e-01 4.401108e-01 6.021180e-01 3.553188e-01 3.824951e-01 3.025230e-01 2.930131e-01 2.568466e-01
<GCONST> 1.129617e+02
<STATE> 3
<MEAN> 39
 -6.329641e+00 3.129756e-02 -5.673958e+00 -1.470478e+01 5.885041e-01 -2.330147e+01 -6.409799e+00 -1.555298e+01 -4.157759e+00 -8.616241e+00 1.538173e+00 -2.788256e+00 9.463465e+01 1.179242e+00 1.874533e-01 -8.425277e-01 -2.113432e-01 -4.947962e-01 -5.353507e-01 2.291466e-01 8.492124e-02 -3.390031e-01 -7.886235e-01 2.163306e-01 5.197290e-01 -1.288831e-01 -4.584480e-01 -2.182174e-01 2.759590e-01 -5.956272e-02 4.070049e-01 1.982091e-01 5.579837e-01 1.864171e-01 8.170467e-02 -2.009149e-01 -3.752791e-02 -7.301694e-02 -4.165521e-01
<VARIANCE> 39
 2.635729e+00 5.788685e+00 1.390892e+01 9.005421e+00 8.238537e+00 2.429600e+01 1.150312e+01 2.054554e+01 1.873758e+01 3.742646e+01 1.281980e+01 2.379708e+01 4.997486e+00 1.911639e+00 8.466906e-01 1.293791e+00 8.817785e-01 1.649703e+00 1.738643e+00 2.520025e+00 2.549894e+00 2.883515e+00 4.148228e+00 1.369614e+00 1.963028e+00 1.761883e+00 5.890588e-01 2.626470e-01 1.930917e-01 2.408445e-01 1.251668e-01 4.211935e-01 3.292043e-01 6.916230e-01 8.321826e-01 7.689403e-01 3.001242e-01 3.950623e-01 1.027996e-01
<GCONST> 9.723325e+01
<STATE> 4
<MEAN> 39
 -4.841678e+00 -5.758719e-01 1.059114e-01 -1.408543e+01 7.070189e+00 -2.173771e+01 2.134882e+00 -1.572402e+01 -8.275714e+00 -1.613975e+01 3.900552e+00 -2.838825e+00 8.565942e+01 -8.368599e-02 1.204317e-01 6.183540e-01 3.261357e-01 7.183850e-01 4.195942e-01 1.485478e-01 4.232850e-02 -8.619791e-02 1.846755e-01 1.387938e-01 -4.386496e-02 -6.356795e-01 1.643988e-02 -2.654771e-02 -5.269041e-02 1.274786e-01 -1.414930e-02 7.945832e-02 -1.689226e-01 1.081319e-01 4.842010e-03 1.975532e-01 -1.112405e-01 4.740592e-02 1.682170e-02
<VARIANCE> 39
 1.143119e+01 2.346237e+01 2.499806e+01 2.433979e+01 1.885527e+01 4.303270e+01 2.041816e+01 2.423162e+01 2.397245e+01 4.711755e+01 6.797840e+01 3.138099e+01 3.064346e+01 1.487994e+00 2.180286e+00 1.905254e+00 3.904748e+00 2.144999e+00 5.050875e+00 2.015505e+00 2.251009e+00 2.537448e+00 4.509470e+00 6.017638e+00 4.293564e+00 5.018233e+00 3.617823e-01 4.008102e-01 3.779181e-01 6.249208e-01 3.510502e-01 8.989336e-01 3.819328e-01 4.600535e-01 4.858434e-01 7.428985e-01 9.053145e-01 9.483303e-01 5.941932e-01
<GCONST> 1.211223e+02
<STATE> 5
<MEAN> 39
 -4.728913e+00 8.315240e-01 3.770845e+00 -3.307440e-01 1.058216e+01 -6.600657e+00 -3.804681e+00 -8.684765e+00 -1.012224e+01 -5.309690e+00 -1.036951e+00 -2.945666e+00 6.942711e+01 -4.368843e-01 -3.555209e-01 -3.386374e-01 5.775301e-01 -8.798482e-01 1.091478e+00 -3.186201e-01 5.672024e-01 2.122006e-01 6.984794e-01 -3.683789e-01 -7.671881e-02 -1.082041e+00 -1.197652e-01 -1.450519e-02 -4.015528e-02 -2.162356e-01 -1.593318e-01 -1.233327e-01 1.014205e-01 -7.954494e-02 1.249335e-01 -5.236039e-02 1.941432e-01 -2.464010e-02 9.085043e-02
<VARIANCE> 39
 1.840149e+01 7.053697e+00 8.715647e+00 2.255572e+01 3.193612e+01 4.901933e+01 1.330765e+01 1.825457e+01 3.062438e+01 1.828513e+01 1.945009e+01 1.627817e+01 2.674249e+01 1.715183e+00 7.637635e-01 1.055369e+00 3.218705e+00 1.526761e+00 2.041091e+00 1.687856e+00 1.763771e+00 2.830946e+00 1.187882e+00 2.730268e+00 2.043466e+00 4.891906e-01 2.250675e-01 1.569012e-01 2.219903e-01 4.391435e-01 3.341576e-01 3.720762e-01 3.065172e-01 3.271370e-01 3.799649e-01 2.461356e-01 4.925057e-01 4.045769e-01 1.123013e-01
<GCONST> 9.975661e+01
<TRANSP> 6
 0.000000e+00 1.000000e+00 0.000000e+00 0.000000e+00 0.000000e+00 0.000000e+00
 0.000000e+00 9.492390e-01 5.076102e-02 0.000000e+00 0.000000e+00 0.000000e+00
 0.000000e+00 0.000000e+00 8.820153e-01 1.179846e-01 0.000000e+00 0.000000e+00
 0.000000e+00 0.000000e+00 0.000000e+00 9.486466e-01 5.135337e-02 0.000000e+00
 0.000000e+00 0.000000e+00 0.000000e+00 0.000000e+00 9.326665e-01 6.733351e-02
 0.000000e+00 0.000000e+00 0.000000e+00 0.000000e+00 0.000000e+00 0.000000e+00
<ENDHMM>
