~o
<STREAMINFO> 1 39
<VECSIZE> 39<NULLD><MFCC_D_A_0><DIAGC>
~h "eight"
<BEGINHMM>
<NUMSTATES> 6
<STATE> 2
<MEAN> 39
 -7.488201e+00 -4.498279e+00 1.990912e+00 -7.328311e+00 3.685186e+00 -3.448518e+01 -2.412483e+00 -1.104692e+01 -1.777910e+00 -1.100169e+01 2.076354e+00 -6.995563e+00 9.055781e+01 -9.087038e-02 7.806124e-01 1.194986e+00 9.545226e-02 7.680029e-01 -4.501222e-01 -4.748675e-01 9.762048e-02 -1.143583e-01 -2.045824e+00 -3.312318e-01 -1.890398e-01 3.350221e-01 -1.679819e-01 9.285622e-02 5.016664e-02 7.851958e-02 4.091117e-02 4.842678e-01 2.437156e-02 1.707768e-01 -7.220966e-02 -3.287133e-02 -1.070928e-01 7.635818e-02 -5.669907e-01
<VARIANCE> 39
 8.738612e+00 2.864089e+01 5.290082e+01 1.265607e+01 3.103098e+01 3.900988e+01 3.873547e+01 2.162791e+01 2.240408e+01 1.213147e+02 1.967045e+01 2.648493e+01 3.408273e+01 1.270273e+00 2.141028e+00 1.772071e+00 1.352795e+00 2.285116e+00 5.318706e+00 2.726886e+00 1.870660e+00 2.041882e+00 2.513382e+00 1.764791e+00 1.965272e+00 7.570785e+00 1.338542e-01 5.787079e-01 3.807605e-01 2.136377e-01 4.988891e-01 1.585049e+00 5.954794e-01 3.141660e-01 3.818820e-01 9.006058e-01 4.359705e-01 3.377991e-01 5.956407e-01
<GCONST> 1.156545e+02
<STATE> 3
<MEAN> 39
 -1.338018e+01 -7.466322e-01 5.007600e+00 -5.470906e+00 4.867246e+00 -1.651277e+01 -3.263205e+00 -3.483866e+00 -3.259610e+00 -1.042250e+01 -2.350883e+00 -3.330045e+00 6.771353e+01 -5.149267e-02 -2.599657e-01 -1.090986e+00 -4.271875e-02 -1.018052e+00 2.300876e+00 1.098618e-01 3.763681e-01 6.724244e-02 1.755442e+00 -1.648938e-01 5.130152e-01 -1.518109e+00 1.338374e-02 -1.284619e-01 -2.777594e-02 -1.256089e-01 -1.851613e-02 -1.347443e-01 2.316084e-02 -5.265533e-02 8.208386e-02 -1.355007e-02 9.578203e-02 -4.905075e-02 3.622865e-01
<VARIANCE> 39
 7.635498e+00 9.306798e+00 4.008680e+01 2.114791e+01 7.481839e+01 1.242597e+02 1.787010e+01 1.690734e+01 2.140483e+01 1.223402e+02 3.371325e+01 2.873079e+01 4.492480e+01 9.898388e-01 8.937874e-01 2.599928e+00 2.141954e+00 4.464611e+00 2.325841e+00 2.329278e+00 1.884222e+00 2.009271e+00 5.399210e+00 2.604137e+00 2.200372e+00 1.577969e+00 2.387892e-01 1.709846e-01 7.164763e-01 5.615975e-01 9.004215e-01 5.450847e-01 4.792449e-01 3.447008e-01 4.049518e-01 1.193135e+00 4.541587e-01 4.133376e-01 3.791538e-01
<GCONST> 1.160918e+02
<STATE> 4
<MEAN> 39
 -2.146697e+01 -7.809796e+00 2.118737e+00 -1.401328e+01 3.680634e+00 -7.501174e+00 -3.154195e-01 -5.363772e+00 1.800349e+00 -5.760142e+00 1.297991e+00 -4.783183e+00 7.927000e+01 -2.182895e+00 -1.048117e+00 1.135013e+00 -2.124878e+00 1.231227e+00 -1.142840e+00 4.568237e-01 -1.309113e+00 1.511926e+00 -8.608922e-01 9.480379e-01 -1.045920e+00 5.347713e+00 2.791831e-01 2.240157e-01 1.760403e-01 4.785730e-01 -3.166874e-01 1.421298e-02 -6.344863e-02 -2.200627e-01 2.054530e-02 9.386449e-02 -9.178188e-02 4.882424e-02 -9.742545e-02
<VARIANCE> 39
 5.126769e+01 2.563058e+01 3.197352e+01 5.522737e+01 3.993063e+01 2.203724e+01 2.050434e+01 2.261803e+01 2.578271e+01 1.790497e+01 1.108060e+01 2.036970e+01 2.162586e+02 3.338550e+00 2.805117e+00 3.432237e+00 6.523612e+00 4.937729e+00 1.640101e+00 2.922280e+00 1.689602e+00 1.467737e+00 1.832146e+00 1.086941e+00 1.733619e+00 9.736143e+00 1.213607e+00 6.304053e-01 7.695964e-01 1.598831e+00 1.076102e+00 5.059521e-01 5.373147e-01 3.474570e-01 4.861552e-01 4.903682e-01 2.368731e-01 4.255663e-01 3.906483e+00
<GCONST> 1.244045e+02
<STATE> 5
<MEAN> 39
 -1.564360e+01 -8.252337e+00 8.061029e+00 -9.806986e+00 1.562114e+00 -8.432973e+00 2.008195e+00 -1.052332e+01 3.801921e+00 -4.266343e+00 4.019177e+00 -7.459651e+00 8.402151e+01 1.013759e+00 3.721406e-01 -1.923872e-01 8.676794e-01 -4.040162e-01 5.512841e-01 -1.030195e-01 4.487816e-01 -5.164759e-01 5.112739e-01 -2.503179e-01 2.446322e-01 -1.885544e+00 -6.102692e-02 1.085755e-03 -1.022780e-01 -3.837658e-02 6.661400e-02 9.154396e-02 3.672288e-03 1.486378e-01 -3.298621e-02 -2.528186e-02 -7.141088e-02 4.007117e-02 -1.830853e-01
<VARIANCE> 39
 4.073556e+01 1.572828e+01 1.931686e+01 2.218322e+01 1.289495e+01 1.849320e+01 2.065777e+01 2.692109e+01 2.524956e+01 2.080259e+01 1.420695e+01 1.467154e+01 1.358289e+02 1.211067e+00 1.311712e+00 1.811314e+00 1.210037e+00 1.241706e+00 1.981068e+00 2.227195e+00 1.926136e+00 1.618015e+00 1.382051e+00 1.573714e+00 1.536570e+00 2.053944e+00 1.992382e-01 2.677811e-01 2.716312e-01 2.751815e-01 2.475999e-01 4.191968e-01 3.671112e-01 2.857476e-01 2.873853e-01 2.746417e-01 2.861763e-01 2.558816e-01 2.859063e-01
<GCONST> 1.020716e+02
<TRANSP> 6
 0.000000e+00 1.000000e+00 0.000000e+00 0.000000e+00 0.000000e+00 0.000000e+00
 0.000000e+00 9.380187e-01 6.198134e-02 0.000000e+00 0.000000e+00 0.000000e+00
 0.000000e+00 0.000000e+00 9.304765e-01 6.952355e-02 0.000000e+00 0.000000e+00
 0.000000e+00 0.000000e+00 0.000000e+00 8.446317e-01 1.553683e-01 0.000000e+00
 0.000000e+00 0.000000e+00 0.000000e+00 0.000000e+00 9.380654e-01 6.193457e-02
 0.000000e+00 0.000000e+00 0.000000e+00 0.000000e+00 0.000000e+00 0.000000e+00
<ENDHMM>
