~o
<STREAMINFO> 1 39
<VECSIZE> 39<NULLD><MFCC_D_A_0><DIAGC>
~h "divide"
<BEGINHMM>
<NUMSTATES> 6
<STATE> 2
<MEAN> 39
 -9.253739e+00 2.898359e+00 5.338056e+00 -6.162050e+00 6.655370e+00 -1.780190e+01 -8.142389e+00 -9.774892e+00 -8.973011e+00 -1.548012e+01 -4.152315e+00 -9.068655e+00 8.191542e+01 9.089009e-01 1.815539e-01 -6.113573e-01 -5.454052e-01 -2.241812e-01 -2.099497e-01 1.383449e-01 -1.663745e-01 -7.429470e-01 -1.655867e-01 2.925735e-01 1.048849e-01 4.639315e-01 1.809061e-02 -8.784277e-02 -2.186266e-01 -6.605139e-02 -9.468456e-02 1.943905e-01 1.593248e-01 3.721615e-02 1.021543e-01 1.897108e-01 6.551348e-02 7.320438e-02 -1.923911e-01
<VARIANCE> 39
 3.845451e+01 3.087416e+01 4.361667e+01 6.363221e+01 3.182262e+01 6.462619e+01 5.094354e+01 3.259930e+01 3.594166e+01 2.700302e+01 2.919002e+01 2.136266e+01 1.550315e+01 4.264045e+00 2.898477e+00 3.396730e+00 5.354497e+00 3.175021e+00 7.760343e+00 5.280767e+00 1.939842e+00 3.609475e+00 4.011460e+00 3.050980e+00 2.282435e+00 2.432820e+00 8.622057e-01 3.864794e-01 2.654474e-01 8.188972e-01 3.449042e-01 9.728690e-01 7.117957e-01 3.797098e-01 8.268557e-01 6.807500e-01 5.084147e-01 3.877228e-01 5.685384e-01
<GCONST> 1.264433e+02
<STATE> 3
<MEAN> 39
 -1.517699e+00 -2.255357e+00 -1.687925e+01 -1.851311e+01 1.019004e+00 -1.393628e+01 1.669136e+00 -1.041841e+01 -4.168107e+00 -1.408217e+01 5.816462e+00 -4.787995e+00 8.821867e+01 -2.361162e-01 -1.493436e-01 -4.599781e-02 3.248158e-01 7.650888e-01 -3.596365e-01 -3.472051e-01 2.381032e-01 1.140517e+00 7.612043e-03 4.850056e-01 -2.419885e-01 4.364209e-02 -1.141786e-01 4.937241e-02 2.901689e-01 9.938427e-02 4.764742e-02 -1.298766e-01 -1.827681e-01 5.989332e-02 -3.949324e-02 -6.526034e-02 -1.654205e-02 -2.226656e-02 -5.120633e-02
<VARIANCE> 39
 2.993407e+00 7.409591e+00 1.874383e+01 7.246001e+00 3.766302e+01 3.330235e+01 2.667906e+01 2.988489e+01 5.623279e+01 2.405586e+01 3.416674e+01 1.350314e+01 3.830482e+00 2.910338e-01 5.503545e-01 2.795829e+00 6.886461e-01 1.125921e+00 2.488383e+00 1.934193e+00 1.045310e+00 1.232797e+00 1.409369e+00 1.487649e+00 9.637350e-01 7.968047e-02 2.854242e-02 1.128615e-01 1.347967e-01 1.019291e-01 1.793932e-01 2.293810e-01 1.318444e-01 1.650862e-01 2.341731e-01 2.490944e-01 2.885387e-01 1.573953e-01 2.168541e-02
<GCONST> 8.032303e+01
<STATE> 4
<MEAN> 39
 -1.023690e+01 -2.668811e+00 3.781678e+00 -7.358441e+00 1.100744e+01 -2.923455e+01 -1.315511e+01 -5.340941e+00 9.664598e-01 -1.523696e+01 9.371695e+00 -6.807346e+00 8.547656e+01 -5.761834e-01 5.055903e-01 1.991212e+00 1.131068e+00 3.162028e-01 -2.087886e-02 -2.064364e-01 -2.059026e-01 -1.357548e+00 -4.696017e-01 -1.315737e+00 1.954257e-01 -1.276024e+00 1.887219e-01 4.151344e-02 -5.805347e-01 -2.195204e-01 -1.381132e-01 7.201054e-01 4.747250e-01 -1.387974e-01 -1.067055e-01 2.461957e-01 -1.645665e-01 1.261820e-01 -3.834004e-01
<VARIANCE> 39
 5.476460e+00 1.794340e+01 5.506304e+01 1.762430e+01 1.349541e+01 1.909406e+01 1.802918e+01 2.375875e+01 3.301760e+01 1.746440e+01 2.177155e+01 1.186969e+01 1.371002e+01 5.082911e-01 9.000556e-01 3.288877e+00 7.616715e-01 1.168383e+00 5.508740e+00 4.095801e+00 1.414828e+00 1.172976e+00 1.626860e+00 1.652889e+00 9.411964e-01 1.674042e+00 2.844149e-02 2.460462e-01 4.389061e-01 1.690726e-01 4.277708e-01 3.227535e-01 3.129027e-01 2.875035e-01 3.407874e-01 5.052378e-01 2.441394e-01 2.324560e-01 1.147562e-01
<GCONST> 9.589813e+01
<STATE> 5
<MEAN> 39
 -1.628641e+01 -6.396241e+00 1.562493e+00 -9.569712e+00 1.408058e+00 -1.187733e+01 -6.876523e+00 -7.895556e+00 -2.432887e+00 -5.114826e+00 3.967167e-01 -3.557078e+00 7.178470e+01 -3.297608e-01 -4.957947e-01 -3.685667e-01 -2.810337e-01 -6.656080e-01 9.426036e-01 1.608698e-01 2.792449e-01 2.414280e-01 9.593377e-01 -9.894392e-02 2.113548e-01 -7.073960e-01 -2.015005e-02 2.434262e-02 1.182287e-01 7.360294e-02 3.886794e-02 -1.624769e-01 -1.002008e-01 5.514514e-02 2.083939e-02 -8.184698e-02 1.762844e-02 -2.772987e-02 1.063058e-01
<VARIANCE> 39
 3.859318e+01 2.491546e+01 1.739729e+01 2.616305e+01 2.756533e+01 2.988964e+01 2.071754e+01 1.934975e+01 2.129815e+01 3.578416e+01 2.231107e+01 2.316516e+01 7.489619e+01 4.332914e+00 1.848992e+00 3.987722e+00 3.275367e+00 2.960519e+00 5.746583e+00 3.058761e+00 2.556860e+00 1.943807e+00 4.740073e+00 2.197253e+00 2.823651e+00 1.309264e+01 8.593622e-01 3.633184e-01 7.534235e-01 6.727808e-01 5.063830e-01 8.708521e-01 7.421278e-01 4.380078e-01 3.988208e-01 7.983432e-01 4.917945e-01 5.329392e-01 2.278957e+00
<GCONST> 1.252876e+02
<TRANSP> 6
 0.000000e+00 1.000000e+00 0.000000e+00 0.000000e+00 0.000000e+00 0.000000e+00
 0.000000e+00 9.486647e-01 5.133532e-02 0.000000e+00 0.000000e+00 0.000000e+00
 0.000000e+00 0.000000e+00 9.439322e-01 5.606787e-02 0.000000e+00 0.000000e+00
 0.000000e+00 0.000000e+00 0.000000e+00 8.934180e-01 1.065820e-01 0.000000e+00
 0.000000e+00 0.000000e+00 0.000000e+00 0.000000e+00 9.447583e-01 5.524172e-02
 0.000000e+00 0.000000e+00 0.000000e+00 0.000000e+00 0.000000e+00 0.000000e+00
<ENDHMM>
