~o
<STREAMINFO> 1 39
<VECSIZE> 39<NULLD><MFCC_D_A_0><DIAGC>
~h "ten"
<BEGINHMM>
<NUMSTATES> 6
<STATE> 2
<MEAN> 39
 -1.062993e+01 -1.074602e+01 1.905548e+00 -1.149384e+01 3.869016e+00 -1.818939e+01 9.670444e+00 -1.142099e+01 3.919015e+00 -2.752335e+00 3.759277e+00 -7.345973e+00 9.348620e+01 7.832399e-01 2.578901e-01 -5.864257e-01 -7.538073e-02 -1.890786e-01 -1.174609e+00 1.326671e-01 -2.256756e-01 -9.714024e-01 2.659584e-02 -3.509296e-01 -3.844763e-01 7.070454e-01 -1.784408e-02 2.182033e-01 -2.225193e-01 9.846572e-02 -1.964846e-01 1.309608e-01 -2.160049e-01 1.441486e-01 -3.053745e-01 -5.070415e-02 -1.308490e-01 1.454619e-01 -4.822147e-01
<VARIANCE> 39
 2.593619e+01 2.349470e+01 2.362290e+01 1.239136e+01 1.008464e+01 4.755503e+01 2.859230e+01 1.416261e+01 4.344204e+01 1.682150e+01 1.906442e+01 1.938052e+01 5.996142e+00 2.089096e+00 4.539981e+00 1.960268e+00 1.861673e+00 1.639999e+00 2.497426e+00 3.874233e+00 2.064367e+00 6.344988e+00 2.354686e+00 3.118581e+00 2.736438e+00 3.327953e+00 4.578255e-01 5.694618e-01 3.613147e-01 5.676542e-01 2.445119e-01 6.187998e-01 4.854544e-01 5.085602e-01 9.039099e-01 4.128509e-01 7.368920e-01 6.902733e-01 1.227909e+00
<GCONST> 1.156543e+02
<STATE> 3
<MEAN> 39
 -5.732286e+00 -2.327605e+00 -4.421967e+00 -1.580389e+01 1.050155e+00 -2.360768e+01 4.225383e+00 -1.325580e+01 -1.000893e+01 -4.542697e+00 8.689207e+00 -5.593150e+00 9.530525e+01 6.780150e-02 6.131215e-02 3.840249e-01 -5.505838e-01 7.681409e-01 7.426114e-02 5.125387e-02 -2.046548e-01 -2.383844e-01 -6.697878e-02 1.892610e+00 3.127822e-01 -2.540750e-01 -7.567440e-02 -1.434788e-01 2.460766e-01 1.190728e-02 3.108256e-01 -1.493529e-02 2.389911e-01 -7.436490e-02 1.910588e-01 1.442030e-02 9.594595e-02 -1.031782e-01 -1.835553e-01
<VARIANCE> 39
 2.404416e+00 8.528769e+00 8.054562e+00 1.431612e+01 2.063314e+01 2.087016e+01 3.447543e+01 1.152664e+01 1.697488e+01 1.813798e+01 6.392444e+01 2.580230e+01 4.632998e+00 9.078705e-02 7.257711e-01 1.076274e+00 4.790534e-01 1.760202e+00 1.103001e+00 2.198655e+00 9.320502e-01 1.587882e+00 1.486706e+00 1.457067e+00 1.842244e+00 2.437093e-01 3.723294e-02 1.844989e-01 1.013290e-01 1.127907e-01 2.048472e-01 2.230815e-01 3.117537e-01 1.660742e-01 4.831625e-01 3.204259e-01 5.824316e-01 2.794116e-01 3.817678e-02
<GCONST> 8.215468e+01
<STATE> 4
<MEAN> 39
 -6.532347e+00 2.677273e-01 5.088028e+00 -1.087196e+01 1.408470e+01 -1.668784e+01 4.411378e+00 -1.506166e+01 -1.180244e+01 -7.101724e+00 8.534687e+00 -5.032177e+00 8.086320e+01 4.667896e-02 5.853304e-01 4.474553e-01 1.303306e+00 2.578481e-01 1.167049e+00 -5.338398e-01 4.236833e-01 -2.755156e-01 -1.883271e-01 -1.739534e+00 2.003558e-01 -1.767897e+00 8.945266e-02 1.109110e-02 -1.670499e-01 1.201335e-01 -2.711149e-01 5.184880e-02 -1.265634e-01 1.493842e-01 -5.724277e-02 4.340556e-02 -1.311172e-01 1.719248e-02 -1.762837e-02
<VARIANCE> 39
 1.691543e+01 2.884832e+01 9.405389e+00 3.775915e+01 1.845934e+01 4.140843e+01 2.127780e+01 1.420520e+01 1.857667e+01 1.698968e+01 7.140690e+01 2.484625e+01 4.380003e+01 2.162525e+00 1.674437e+00 1.308509e+00 2.942221e+00 3.182367e+00 2.010111e+00 2.025618e+00 1.748308e+00 2.302482e+00 1.177870e+00 3.034537e+00 1.704181e+00 1.766769e+00 4.408379e-01 3.551574e-01 1.910503e-01 6.953943e-01 4.032302e-01 4.635969e-01 4.204000e-01 2.899341e-01 4.998379e-01 2.189332e-01 7.567338e-01 3.121991e-01 3.544771e-01
<GCONST> 1.097239e+02
<STATE> 5
<MEAN> 39
 -5.316964e+00 2.605200e+00 5.482116e+00 6.205895e-01 5.432801e+00 -6.037058e+00 -3.472020e+00 -7.056674e+00 -1.361539e+01 -7.061374e+00 -3.931508e+00 -6.401058e+00 6.690157e+01 -3.904975e-01 -4.104028e-01 -3.197011e-01 2.865283e-01 -1.091969e+00 7.516972e-01 -3.768259e-01 6.265768e-01 5.399624e-01 2.434206e-01 -2.281394e-01 3.418544e-02 -8.376318e-01 -1.096003e-01 -7.032290e-02 -5.082243e-02 -1.522102e-01 1.720166e-02 -3.869654e-02 9.063807e-02 -5.135056e-02 1.961684e-01 4.260682e-02 9.412754e-02 5.750950e-02 9.144258e-02
<VARIANCE> 39
 8.934056e+00 1.223603e+01 9.827604e+00 1.777737e+01 2.231017e+01 1.914095e+01 1.407447e+01 1.637794e+01 1.877339e+01 2.082666e+01 1.826071e+01 2.170589e+01 9.882185e+00 5.810988e-01 9.047074e-01 1.575057e+00 2.390846e+00 1.027903e+00 1.347026e+00 1.557578e+00 1.631912e+00 1.660159e+00 1.975730e+00 1.596322e+00 2.152386e+00 2.534009e-01 8.907667e-02 1.302860e-01 3.007476e-01 3.468629e-01 2.032709e-01 2.841198e-01 2.635752e-01 3.117129e-01 2.514764e-01 3.735927e-01 2.672296e-01 3.488466e-01 3.342690e-02
<GCONST> 9.006071e+01
<TRANSP> 6
 0.000000e+00 1.000000e+00 0.000000e+00 0.000000e+00 0.000000e+00 0.000000e+00
 0.000000e+00 9.186025e-01 8.139750e-02 0.000000e+00 0.000000e+00 0.000000e+00
 0.000000e+00 0.000000e+00 9.091480e-01 9.085197e-02 0.000000e+00 0.000000e+00
 0.000000e+00 0.000000e+00 0.000000e+00 9.121819e-01 8.781818e-02 0.000000e+00
 0.000000e+00 0.000000e+00 0.000000e+00 0.000000e+00 9.124381e-01 8.756193e-02
 0.000000e+00 0.000000e+00 0.000000e+00 0.000000e+00 0.000000e+00 0.000000e+00
<ENDHMM>
