~o
<STREAMINFO> 1 39
<VECSIZE> 39<NULLD><MFCC_D_A_0><DIAGC>
~h "minus"
<BEGINHMM>
<NUMSTATES> 6
<STATE> 2
<MEAN> 39
 -2.269070e+00 7.855058e+00 -9.705284e-01 -1.342411e+01 5.120420e+00 -1.436422e+01 2.820273e+00 -8.242795e+00 -2.127325e+01 -1.778908e+01 -1.274086e+01 -5.602483e+00 7.690399e+01 1.194081e+00 -6.452587e-01 -2.136930e+00 -1.625319e+00 -1.810326e+00 -2.446298e+00 5.324000e-01 -9.418427e-01 4.381096e-01 -1.435675e+00 2.248441e+00 3.576240e-01 3.842737e+00 -7.261235e-01 -9.676853e-01 -4.614206e-01 1.508264e-01 -3.249687e-01 3.519537e-01 -1.538839e-02 9.424747e-02 8.448384e-01 8.067344e-01 8.096720e-01 3.394353e-01 -4.670091e-02
<VARIANCE> 39
 9.191723e+00 1.660227e+01 3.254854e+01 3.049750e+01 5.331040e+01 5.809099e+01 1.496084e+01 2.794977e+01 6.052180e+01 2.306623e+01 7.138947e+01 2.203263e+01 5.539482e+01 3.670507e+00 6.885595e+00 3.724700e+00 2.631155e+00 5.075473e+00 4.613979e+00 1.968653e+00 1.756190e+00 1.279800e+01 6.573362e+00 1.066794e+01 2.802056e+00 2.735245e+00 2.662543e-01 5.962358e-01 7.064396e-01 6.381884e-01 1.067862e+00 1.504382e+00 3.279979e-01 4.077947e-01 1.852195e+00 8.486571e-01 2.087598e+00 5.805045e-01 5.745781e-01
<GCONST> 1.309538e+02
<STATE> 3
<MEAN> 39
 -6.657778e+00 1.363113e+00 -4.035471e+00 -1.169423e+01 2.479150e+00 -2.220736e+01 -2.884033e+00 -1.198940e+01 -1.153786e+01 -1.152437e+01 -9.173148e-01 -1.113519e+01 8.773495e+01 -1.173410e-01 -1.690355e-02 1.668710e-01 1.120977e-01 3.129814e-01 -1.274089e-02 -3.071884e-01 -7.924188e-02 1.332812e-01 4.446861e-01 3.891808e-01 -5.794887e-02 4.002986e-02 4.945079e-02 2.241649e-02 5.043551e-02 -6.313193e-03 6.024856e-02 -2.232442e-03 -1.436301e-02 6.179088e-02 -1.506270e-02 2.078654e-02 -1.724356e-02 3.635954e-02 -7.121713e-02
<VARIANCE> 39
 1.048304e+01 3.486156e+01 7.287454e+01 2.380548e+01 1.852942e+01 7.896058e+01 3.768626e+01 1.726050e+01 2.423344e+01 3.304791e+01 3.586532e+01 3.480708e+01 4.694072e+01 1.325829e+00 2.672282e+00 2.828685e+00 1.419210e+00 1.346906e+00 7.242371e+00 1.542145e+00 1.870241e+00 1.593156e+00 2.779644e+00 4.752681e+00 2.264245e+00 2.828095e+00 2.729892e-01 3.948443e-01 3.485024e-01 2.615685e-01 3.079732e-01 1.192116e+00 2.739016e-01 3.930154e-01 3.068193e-01 4.161546e-01 7.686550e-01 3.093641e-01 3.842396e-01
<GCONST> 1.150580e+02
<STATE> 4
<MEAN> 39
 -9.122383e+00 -2.144601e+00 1.003724e+00 -1.450330e+01 7.146567e+00 -1.635677e+01 -4.712194e+00 -1.089714e+01 -9.812835e+00 -4.969427e+00 9.873644e+00 1.297540e+00 8.572447e+01 -1.122646e+00 -4.052727e-01 6.540083e-01 -1.932794e-01 -1.150983e-01 8.412008e-01 1.194773e-01 2.543572e-01 5.877307e-01 -6.531228e-03 -3.668171e-01 -5.411525e-02 -1.388373e-01 -2.931527e-01 7.121885e-03 4.119579e-04 -1.828851e-02 -8.194607e-02 3.674867e-02 5.649924e-02 1.644826e-02 8.232161e-02 -4.632931e-02 -1.207878e-01 -1.613701e-01 6.987677e-02
<VARIANCE> 39
 3.230846e+01 3.436526e+01 3.838697e+01 1.184229e+01 1.254123e+01 4.298160e+01 3.066598e+01 1.680606e+01 2.572717e+01 2.529903e+01 2.658993e+01 2.358035e+01 2.323981e+01 4.166337e+00 4.177230e+00 1.303242e+00 1.060893e+00 1.385504e+00 1.875554e+00 1.427112e+00 1.749083e+00 3.759689e+00 1.891844e+00 1.674510e+00 3.153570e+00 1.861138e+00 3.922447e-01 7.275662e-01 3.218102e-01 2.157598e-01 2.802158e-01 3.493901e-01 2.616845e-01 2.962178e-01 5.549979e-01 3.597318e-01 3.131784e-01 3.098556e-01 2.672095e-01
<GCONST> 1.086404e+02
<STATE> 5
<MEAN> 39
 -3.261027e+01 -6.164037e+00 3.185576e+00 -1.759122e+01 8.420043e+00 -8.518479e+00 2.689278e+00 -3.924664e+00 2.072213e+00 -3.135527e+00 2.805369e+00 -5.140487e+00 8.399689e+01 2.779852e-01 1.594507e-01 -1.864746e-01 1.606447e-01 -1.624855e-02 -6.438244e-02 1.515573e-01 2.437733e-01 -1.084395e-01 1.293322e-01 -1.759827e-01 1.300278e-01 -9.096645e-01 2.522646e-01 5.499887e-02 -1.143099e-02 9.855949e-02 2.666319e-02 1.360191e-02 -7.076427e-02 -8.452303e-03 -1.332861e-01 1.977262e-02 -3.056632e-02 8.213840e-02 -1.532350e-01
<VARIANCE> 39
 2.681252e+01 1.711983e+01 1.869030e+01 1.882258e+01 2.163826e+01 1.696521e+01 1.814941e+01 1.924214e+01 1.521083e+01 1.063702e+01 1.139535e+01 1.288754e+01 6.168768e+01 3.039887e+00 9.847442e-01 1.324502e+00 1.679887e+00 1.737924e+00 1.459447e+00 1.256716e+00 1.557799e+00 1.061874e+00 8.907824e-01 9.131589e-01 8.488475e-01 2.007874e+00 3.049106e-01 2.039467e-01 2.031827e-01 2.707196e-01 3.085066e-01 3.175755e-01 2.218398e-01 2.550130e-01 2.097054e-01 1.611133e-01 1.654030e-01 1.837053e-01 1.784664e-01
<GCONST> 9.403603e+01
<TRANSP> 6
 0.000000e+00 1.000000e+00 0.000000e+00 0.000000e+00 0.000000e+00 0.000000e+00
 0.000000e+00 8.181089e-01 1.818911e-01 0.000000e+00 0.000000e+00 0.000000e+00
 0.000000e+00 0.000000e+00 9.676875e-01 3.231249e-02 0.000000e+00 0.000000e+00
 0.000000e+00 0.000000e+00 0.000000e+00 9.430660e-01 5.693397e-02 0.000000e+00
 0.000000e+00 0.000000e+00 0.000000e+00 0.000000e+00 9.601439e-01 3.985614e-02
 0.000000e+00 0.000000e+00 0.000000e+00 0.000000e+00 0.000000e+00 0.000000e+00
<ENDHMM>
