~o
<STREAMINFO> 1 39
<VECSIZE> 39<NULLD><MFCC_D_A_0><DIAGC>
~h "multiply"
<BEGINHMM>
<NUMSTATES> 6
<STATE> 2
<MEAN> 39
 -4.812392e+00 6.821428e+00 -3.145562e+00 -1.469177e+01 -2.159999e+00 -1.554889e+01 1.093481e+01 -8.211165e+00 -2.352975e+01 -1.672386e+01 -4.494094e+00 -8.312703e+00 8.175006e+01 -3.963548e-01 7.330156e-03 -2.632299e-02 -1.850981e-01 -1.813041e-01 -1.948417e-01 6.093273e-02 -3.526567e-01 4.517520e-01 -1.224697e-01 3.977794e-01 -2.928046e-01 7.761911e-01 -3.090301e-01 -2.794077e-01 -7.624858e-02 8.497140e-02 -1.131051e-01 1.510346e-01 -1.436455e-01 3.151834e-02 4.118777e-01 2.937957e-01 2.366721e-01 1.228948e-01 1.595192e-02
<VARIANCE> 39
 1.820360e+01 1.296286e+01 4.712723e+01 2.450040e+01 7.970959e+01 3.188658e+01 4.249826e+01 2.130591e+01 4.990914e+01 2.268243e+01 6.242372e+01 3.373172e+01 5.277219e+01 5.419707e+00 2.684050e+00 3.759395e+00 3.149378e+00 6.904240e+00 5.514531e+00 4.563048e+00 2.727355e+00 1.255659e+01 3.788424e+00 7.233901e+00 3.225437e+00 6.324156e+00 5.845302e-01 6.395609e-01 6.211243e-01 5.247707e-01 9.935642e-01 8.941326e-01 6.267164e-01 5.836676e-01 1.721209e+00 7.030686e-01 1.248152e+00 6.035351e-01 6.572475e-01
<GCONST> 1.339165e+02
<STATE> 3
<MEAN> 39
 -1.209370e+01 -1.724761e+00 -1.263297e+00 -7.744967e+00 -2.790830e-01 -1.601240e+01 -2.102504e+00 -9.361301e+00 -3.917831e+00 -8.017692e+00 7.341096e-01 -3.876535e+00 8.091351e+01 3.201859e-01 -1.785009e-02 -3.163423e-01 -2.283286e-01 -1.264220e-01 -1.436866e-01 9.576608e-03 1.071394e-01 1.378165e-01 -8.290309e-02 1.324388e-01 3.828687e-01 2.177267e-01 1.193064e-01 4.592355e-02 -9.268414e-03 -2.028798e-02 1.074018e-01 -4.018915e-02 6.924891e-02 2.067863e-02 -1.004121e-01 -8.942138e-02 -6.394201e-02 -1.123301e-02 -7.398074e-02
<VARIANCE> 39
 3.155905e+01 5.557403e+01 1.794293e+01 4.494264e+01 3.839663e+01 9.817799e+01 3.382209e+01 2.124683e+01 1.870823e+01 3.931553e+01 3.179030e+01 2.545271e+01 9.712013e+01 2.911897e+00 7.479033e+00 2.219046e+00 2.180146e+00 3.455890e+00 6.817443e+00 2.904951e+00 2.224900e+00 2.930940e+00 5.201986e+00 3.729811e+00 2.042206e+00 6.194833e+00 6.582222e-01 1.308689e+00 4.192413e-01 3.361235e-01 5.550023e-01 1.006062e+00 5.171896e-01 4.445941e-01 8.030883e-01 8.438756e-01 7.472861e-01 4.282453e-01 8.607334e-01
<GCONST> 1.289457e+02
<STATE> 4
<MEAN> 39
 -6.916862e+00 -1.066822e+00 -1.147701e+01 -2.047956e+01 8.555831e+00 -1.337639e+01 9.387559e-01 -1.027538e+01 1.060919e+01 -1.827660e+01 4.254943e+00 1.168534e+00 8.953313e+01 -1.791162e-01 -3.291919e-01 2.432831e-01 3.136779e-01 6.803895e-01 -2.844388e-01 -6.127199e-01 -1.527026e-01 9.000204e-01 7.341280e-02 1.721433e-01 -4.906234e-01 -3.232325e-01 -7.904052e-02 1.017603e-01 2.036894e-01 1.344421e-01 -1.472524e-01 -9.785366e-02 -6.464955e-02 1.662291e-02 -1.473414e-01 2.745508e-02 -5.999337e-02 -6.929772e-02 -7.993616e-02
<VARIANCE> 39
 4.026153e+00 1.230877e+01 1.482924e+01 1.102964e+01 4.121717e+01 2.477016e+01 1.938365e+01 1.804519e+01 4.537238e+01 2.468913e+01 1.498987e+01 3.221360e+01 1.117428e+01 3.115754e-01 7.266523e-01 1.488845e+00 1.276165e+00 1.913423e+00 1.975191e+00 1.013824e+00 1.039832e+00 2.059035e+00 1.735156e+00 1.045418e+00 1.163023e+00 2.691749e-01 5.474956e-02 1.170194e-01 1.409122e-01 1.724512e-01 2.666779e-01 2.170911e-01 1.526230e-01 2.215611e-01 2.309104e-01 2.731035e-01 1.962587e-01 1.957990e-01 4.082867e-02
<GCONST> 8.554850e+01
<STATE> 5
<MEAN> 39
 -1.308392e+01 -8.642700e+00 5.046418e+00 -3.262123e+00 3.055471e+00 -2.415415e+01 -7.681052e+00 7.910151e-01 4.717788e+00 -1.089569e+01 -5.952033e-02 -3.864362e+00 7.431345e+01 -1.443735e-01 -3.383292e-01 2.453943e-01 7.678689e-01 -6.720369e-01 2.654686e-01 1.109010e-01 8.807745e-01 -7.350930e-01 3.610071e-01 -4.443305e-01 2.607898e-01 -1.077981e+00 4.365599e-02 6.412611e-02 -1.163096e-01 -1.206707e-01 5.384200e-02 1.818555e-01 4.579801e-02 -1.004884e-01 -2.449927e-03 -2.692200e-03 -3.961354e-03 1.414795e-02 9.087768e-03
<VARIANCE> 39
 7.198802e+00 3.375637e+01 4.463062e+01 4.527664e+01 7.613253e+01 4.479716e+01 2.064071e+01 9.005666e+01 5.536858e+01 4.066610e+01 3.157046e+01 3.435379e+01 5.690667e+01 8.973042e-01 1.782159e+00 2.443497e+00 1.742912e+00 3.440158e+00 3.753071e+00 1.682390e+00 3.227323e+00 1.997955e+00 3.251704e+00 1.860713e+00 1.503837e+00 4.235927e-01 1.415094e-01 2.138462e-01 1.974911e-01 2.804374e-01 5.375248e-01 4.638752e-01 2.799209e-01 4.579088e-01 3.569944e-01 6.505604e-01 3.653620e-01 2.449345e-01 7.769734e-02
<GCONST> 1.111402e+02
<TRANSP> 6
 0.000000e+00 1.000000e+00 0.000000e+00 0.000000e+00 0.000000e+00 0.000000e+00
 0.000000e+00 9.553593e-01 4.464070e-02 0.000000e+00 0.000000e+00 0.000000e+00
 0.000000e+00 0.000000e+00 9.730894e-01 2.691061e-02 0.000000e+00 0.000000e+00
 0.000000e+00 0.000000e+00 0.000000e+00 9.430333e-01 5.696671e-02 0.000000e+00
 0.000000e+00 0.000000e+00 0.000000e+00 0.000000e+00 9.523467e-01 4.765326e-02
 0.000000e+00 0.000000e+00 0.000000e+00 0.000000e+00 0.000000e+00 0.000000e+00
<ENDHMM>
