~o
<STREAMINFO> 1 39
<VECSIZE> 39<NULLD><MFCC_D_A_0><DIAGC>
~h "zero"
<BEGINHMM>
<NUMSTATES> 6
<STATE> 2
<MEAN> 39
 -2.529329e+01 -8.345651e+00 1.008115e+01 -1.912551e+01 1.164117e+01 -1.575116e+01 -4.549509e-01 -1.197516e+01 2.033268e+00 -8.311853e+00 1.080658e-01 -8.781722e+00 8.148517e+01 1.378718e+00 2.069052e-01 3.203935e-01 8.042024e-01 1.155284e-01 -1.739849e+00 -9.953599e-01 -9.879886e-01 -9.276379e-01 -6.225767e-01 -6.399376e-01 -7.557333e-01 1.600470e+00 5.395192e-01 1.671929e-01 -2.960393e-01 4.944099e-01 -3.906761e-01 -6.183199e-02 -2.255255e-01 1.311583e-01 -3.310335e-01 6.623881e-02 -1.520574e-01 1.464867e-01 -2.904773e-01
<VARIANCE> 39
 8.405640e+01 3.503999e+01 3.451781e+01 4.574220e+01 2.005602e+01 3.180585e+01 4.576948e+01 2.452096e+01 3.467200e+01 2.087037e+01 3.875478e+01 2.316180e+01 2.588651e+01 1.070903e+01 6.298537e+00 4.949938e+00 8.265386e+00 3.907363e+00 5.162671e+00 4.183958e+00 2.637863e+00 4.657239e+00 2.444075e+00 5.111264e+00 2.774285e+00 2.810846e+00 1.210809e+00 1.012656e+00 1.366960e+00 1.160796e+00 7.384049e-01 8.974683e-01 7.655668e-01 5.609836e-01 6.531575e-01 5.764362e-01 8.109061e-01 5.685383e-01 2.477016e-01
<GCONST> 1.328568e+02
<STATE> 3
<MEAN> 39
 -4.178568e+00 -2.668310e+00 4.235380e+00 -7.066869e+00 7.229905e+00 -3.375516e+01 -6.272994e+00 -1.985670e+01 -8.236080e+00 -1.076241e+01 -5.651761e+00 -1.084600e+01 8.657438e+01 5.869964e-01 1.477866e-01 -1.477180e+00 -1.923002e-01 2.711155e-01 -1.918563e-01 4.323471e-01 -2.874864e-01 -5.546606e-02 2.870357e-01 3.290299e-01 1.215664e-01 -1.499699e-01 -8.274116e-02 2.217137e-02 -3.295653e-02 -2.075160e-01 1.815550e-01 3.278728e-01 -1.323032e-02 5.034760e-02 7.576289e-02 -2.241285e-02 4.852332e-02 -2.211414e-02 -7.855325e-02
<VARIANCE> 39
 9.739049e+00 5.408581e+00 6.207185e+01 1.129020e+01 1.098735e+01 1.365106e+01 2.729854e+01 1.646554e+01 1.779127e+01 1.787764e+01 1.463637e+01 1.456041e+01 2.696391e+00 1.569016e-01 7.957147e-01 1.382059e+00 9.634132e-01 1.287948e+00 1.988732e+00 1.456522e+00 1.012926e+00 1.001721e+00 1.351943e+00 7.484477e-01 8.645707e-01 2.225368e-01 9.128636e-02 1.423224e-01 1.995572e-01 2.169002e-01 1.113064e-01 2.469292e-01 3.052484e-01 2.226068e-01 2.467805e-01 2.302884e-01 1.524662e-01 1.449875e-01 1.162239e-02
<GCONST> 7.842773e+01
<STATE> 4
<MEAN> 39
 3.191503e+00 4.728580e+00 -1.012133e+01 -2.133881e+01 1.686276e+01 -2.248595e+01 -5.142941e+00 -1.304235e+01 -1.019832e+01 -1.204074e+01 -8.075352e-01 -1.967909e+00 8.097218e+01 1.085943e-01 8.837988e-02 3.814255e-01 -7.067090e-01 -6.984574e-01 5.442202e-01 1.910770e-01 1.050375e+00 2.807372e-01 -7.868839e-01 -6.234263e-02 7.716669e-01 -2.149743e-01 -4.222254e-02 -4.301693e-02 1.310750e-01 1.192839e-01 -2.596539e-01 -7.652654e-02 1.052783e-01 3.063995e-02 3.864973e-02 -2.569841e-02 -8.608596e-02 -5.477130e-02 -2.153217e-02
<VARIANCE> 39
 3.044623e+00 9.474566e+00 9.039678e+00 2.986861e+01 4.703982e+01 2.076362e+01 3.236079e+01 7.043897e+01 2.868404e+01 3.232457e+01 2.907873e+01 4.262872e+01 3.635329e+00 1.593412e-01 9.312645e-01 5.609598e-01 1.507142e+00 4.479261e+00 1.603815e+00 3.418608e+00 2.537383e+00 1.361460e+00 1.641693e+00 2.554076e+00 1.148903e+00 2.711139e-01 1.835794e-02 1.023185e-01 7.670297e-02 1.504140e-01 2.652029e-01 2.275790e-01 5.975255e-01 4.694304e-01 1.811084e-01 2.819530e-01 4.426084e-01 2.556348e-01 3.737590e-02
<GCONST> 8.987215e+01
<STATE> 5
<MEAN> 39
 -1.349330e+00 3.516601e+00 -1.622945e+00 -1.606675e+01 -9.219788e+00 -1.065952e+01 2.026228e+00 1.704558e+00 -5.181509e+00 -1.411542e+01 -7.899674e+00 -3.846928e+00 6.969354e+01 -6.503858e-01 -2.620548e-01 1.997363e-02 6.978278e-01 -4.361614e-01 8.841777e-01 2.360366e-02 3.524054e-01 1.720157e-01 1.023622e+00 -2.038577e-02 -4.128651e-01 -8.665270e-01 -2.845030e-02 -4.346317e-02 -4.594924e-02 3.386231e-02 1.929734e-01 -1.696006e-02 -7.632776e-02 -1.004433e-01 -1.412409e-02 8.430348e-02 7.500508e-02 5.001375e-02 2.706632e-02
<VARIANCE> 39
 2.084267e+01 2.091661e+01 1.696131e+01 2.290993e+01 2.035990e+01 6.034278e+01 2.322964e+01 2.287662e+01 1.894987e+01 6.913826e+01 2.443567e+01 2.578715e+01 2.549205e+01 6.154920e-01 1.301599e+00 1.213209e+00 1.077190e+00 2.301855e+00 1.808055e+00 1.473530e+00 1.938215e+00 2.106254e+00 1.833867e+00 2.278720e+00 1.941213e+00 2.281280e-01 8.571565e-02 1.425998e-01 1.301564e-01 1.934745e-01 2.392967e-01 3.203810e-01 2.630487e-01 3.702006e-01 4.220523e-01 2.877492e-01 3.523985e-01 2.609175e-01 3.148077e-02
<GCONST> 9.691360e+01
<TRANSP> 6
 0.000000e+00 1.000000e+00 0.000000e+00 0.000000e+00 0.000000e+00 0.000000e+00
 0.000000e+00 9.114251e-01 8.857500e-02 0.000000e+00 0.000000e+00 0.000000e+00
 0.000000e+00 0.000000e+00 9.375632e-01 6.243683e-02 0.000000e+00 0.000000e+00
 0.000000e+00 0.000000e+00 0.000000e+00 9.450006e-01 5.499940e-02 0.000000e+00
 0.000000e+00 0.000000e+00 0.000000e+00 0.000000e+00 9.482189e-01 5.178107e-02
 0.000000e+00 0.000000e+00 0.000000e+00 0.000000e+00 0.000000e+00 0.000000e+00
<ENDHMM>
