~o
<STREAMINFO> 1 39
<VECSIZE> 39<NULLD><MFCC_D_A_0><DIAGC>
~h "one"
<BEGINHMM>
<NUMSTATES> 6
<STATE> 2
<MEAN> 39
 -4.896228e+00 1.075896e+01 1.261705e+00 -1.334539e+01 -4.817269e+00 -1.783447e+01 -2.146417e+00 -4.088768e+00 -6.239704e+00 -9.124347e+00 -5.545631e+00 -9.044204e+00 8.101925e+01 6.829905e-01 -8.414314e-01 -1.010749e+00 -3.327914e-01 -9.391515e-01 -4.015527e-02 -1.420419e-02 1.786177e-01 2.064578e-01 -7.669570e-02 -1.600349e-01 3.335279e-01 2.466533e+00 -2.108788e-01 -3.451011e-01 -1.767658e-01 1.322470e-01 1.772205e-01 3.008700e-01 1.201562e-01 1.317078e-01 2.246750e-01 1.201602e-01 1.048527e-01 1.450369e-01 -1.541167e-01
<VARIANCE> 39
 1.974810e+01 5.236981e+01 2.885323e+01 4.849493e+01 6.287012e+01 6.312407e+01 6.015697e+01 2.467772e+01 2.583286e+01 4.372223e+01 2.312851e+01 2.934032e+01 9.229545e+01 1.734055e+00 8.788590e+00 2.821030e+00 3.509486e+00 5.672961e+00 6.343410e+00 2.973650e+00 2.086922e+00 3.949614e+00 5.218102e+00 2.082104e+00 2.456120e+00 2.827764e+00 2.955300e-01 1.510041e+00 5.515882e-01 6.884912e-01 1.097049e+00 9.710349e-01 5.146945e-01 3.748383e-01 7.318785e-01 1.001105e+00 4.971079e-01 3.663090e-01 5.444257e-01
<GCONST> 1.296686e+02
<STATE> 3
<MEAN> 39
 -5.861769e+00 2.858965e+00 -5.738581e+00 -1.520865e+01 -1.806872e+00 -1.296918e+01 1.585688e+00 -1.632718e+00 -4.411506e+00 -1.279222e+01 4.618691e+00 1.381304e-02 9.299326e+01 -4.347172e-01 4.933063e-01 3.798893e-01 7.521196e-02 1.191780e+00 -1.135721e-01 2.914071e-01 -4.730960e-01 -4.913893e-01 -3.718061e-01 1.858143e+00 1.342235e-01 -3.657635e-01 1.716085e-03 1.901955e-01 2.251386e-01 1.467975e-01 1.400584e-01 -2.419278e-02 -1.120581e-01 -1.374220e-01 -8.571709e-02 9.371212e-02 -1.570302e-01 -1.358930e-01 -2.611371e-01
<VARIANCE> 39
 5.373958e+00 1.241899e+01 1.583439e+01 1.132720e+01 3.597237e+01 2.355790e+01 3.310299e+01 3.121482e+01 4.666551e+01 3.081271e+01 9.800236e+01 2.364450e+01 4.522043e+00 1.770186e-01 8.543424e-01 1.215204e+00 1.417796e+00 1.757232e+00 2.030522e+00 1.475132e+00 2.671507e+00 2.145216e+00 2.896933e+00 3.534326e+00 2.752864e+00 6.360739e-01 4.462229e-02 1.946427e-01 1.885525e-01 3.355766e-01 2.790465e-01 5.041190e-01 1.791387e-01 4.258622e-01 4.830969e-01 5.257125e-01 1.024996e+00 3.373216e-01 1.000561e-01
<GCONST> 9.945073e+01
<STATE> 4
<MEAN> 39
 -7.747836e+00 5.287289e+00 3.881060e+00 -5.936277e+00 1.678307e+01 -1.033917e+01 -3.055683e+00 -7.541913e+00 -4.556991e+00 -7.613427e+00 6.523298e+00 -5.306587e+00 7.761422e+01 2.971015e-01 -5.194478e-01 5.657223e-01 1.093480e+00 6.466638e-01 7.534388e-01 -5.675176e-01 -1.969211e-02 3.006077e-01 6.555163e-01 -1.367157e+00 -1.283192e-01 -1.525117e+00 6.845552e-02 -1.263883e-01 -2.090179e-01 -7.862161e-02 -3.553862e-01 -5.464876e-02 3.049045e-02 9.539609e-02 -8.577464e-03 -4.764543e-02 9.673997e-02 5.403363e-02 1.057943e-01
<VARIANCE> 39
 1.616105e+01 1.476235e+01 1.653949e+01 2.913167e+01 4.064767e+01 3.879462e+01 2.498661e+01 2.283953e+01 5.949959e+01 2.785541e+01 7.672162e+01 1.381997e+01 3.024485e+01 6.102006e-01 6.086237e-01 1.399503e+00 3.361562e+00 4.312229e+00 2.231390e+00 1.793313e+00 2.303788e+00 2.022767e+00 2.153796e+00 3.734129e+00 9.778478e-01 1.273933e+00 1.174432e-01 1.421048e-01 2.159499e-01 6.728466e-01 6.168109e-01 4.264928e-01 3.216926e-01 3.964295e-01 3.482656e-01 3.879070e-01 7.576253e-01 1.426954e-01 2.006129e-01
<GCONST> 1.068283e+02
<STATE> 5
<MEAN> 39
 -5.674098e+00 8.468129e-01 4.011929e+00 3.264621e+00 8.561775e+00 -3.339098e+00 -6.551784e+00 -6.941136e+00 -5.370248e+00 -1.467144e+00 1.012534e+00 -5.357872e+00 6.693939e+01 -3.848488e-01 -3.195901e-01 -2.040060e-01 3.067414e-01 -7.559284e-01 4.971322e-01 1.083557e-01 2.946607e-01 8.619352e-02 3.918256e-01 -2.322875e-01 6.525240e-02 -6.811821e-01 -7.358497e-02 1.868900e-02 3.653890e-02 -1.170482e-01 1.138401e-01 -3.899901e-02 5.378330e-02 2.355837e-02 1.890722e-02 -5.053427e-02 6.230275e-03 2.856109e-02 4.732667e-02
<VARIANCE> 39
 1.565200e+01 1.952210e+01 1.634597e+01 8.288960e+00 2.795751e+01 1.848389e+01 2.530207e+01 2.114434e+01 1.986765e+01 5.436565e+01 2.469328e+01 2.080885e+01 1.470452e+01 6.576436e-01 7.042624e-01 9.334388e-01 9.750354e-01 1.671236e+00 1.481559e+00 1.792532e+00 1.687231e+00 1.465273e+00 1.979877e+00 1.246928e+00 1.547470e+00 2.089511e-01 7.989439e-02 1.167734e-01 1.431482e-01 1.408561e-01 2.586111e-01 2.948735e-01 2.920986e-01 3.487372e-01 2.704979e-01 3.473252e-01 2.578151e-01 3.178419e-01 3.471538e-02
<GCONST> 9.039576e+01
<TRANSP> 6
 0.000000e+00 1.000000e+00 0.000000e+00 0.000000e+00 0.000000e+00 0.000000e+00
 0.000000e+00 8.927298e-01 1.072702e-01 0.000000e+00 0.000000e+00 0.000000e+00
 0.000000e+00 0.000000e+00 9.222885e-01 7.771153e-02 0.000000e+00 0.000000e+00
 0.000000e+00 0.000000e+00 0.000000e+00 9.111105e-01 8.888956e-02 0.000000e+00
 0.000000e+00 0.000000e+00 0.000000e+00 0.000000e+00 9.245840e-01 7.541596e-02
 0.000000e+00 0.000000e+00 0.000000e+00 0.000000e+00 0.000000e+00 0.000000e+00
<ENDHMM>
