~o
<STREAMINFO> 1 39
<VECSIZE> 39<NULLD><MFCC_D_A_0><DIAGC>
~h "seven"
<BEGINHMM>
<NUMSTATES> 6
<STATE> 2
<MEAN> 39
 -2.639252e+01 -7.994931e+00 3.044726e+00 -2.050564e+01 1.056331e+01 -1.536603e+01 4.629904e+00 -8.414921e+00 3.885548e+00 -3.612739e+00 1.882698e+00 -4.558624e+00 8.751944e+01 -5.207922e-02 2.461909e-01 4.306575e-02 2.805144e-02 2.651860e-01 -7.992347e-01 -6.451355e-02 -5.365107e-01 -1.731534e-01 -3.843415e-01 6.561885e-02 -1.777501e-01 1.158702e+00 2.492336e-01 1.859188e-01 -1.537364e-01 2.082201e-01 -1.901479e-01 -1.284747e-02 -2.021015e-01 1.873856e-02 -1.722187e-01 -5.015942e-02 -2.305776e-02 6.773586e-02 -1.594146e-01
<VARIANCE> 39
 6.254610e+01 1.777011e+01 1.702278e+01 2.461294e+01 2.788840e+01 3.021831e+01 3.233867e+01 2.028423e+01 1.133324e+01 1.654521e+01 1.265739e+01 1.027854e+01 4.025307e+01 8.328944e+00 2.847613e+00 2.198284e+00 3.315395e+00 2.961932e+00 2.659610e+00 4.484573e+00 3.406003e+00 2.418710e+00 1.946164e+00 1.433803e+00 1.342175e+00 2.887799e+00 6.990411e-01 4.732542e-01 3.855607e-01 4.716980e-01 2.637298e-01 4.751450e-01 4.401016e-01 6.021127e-01 3.553110e-01 3.824939e-01 3.025230e-01 2.930216e-01 2.568519e-01
<GCONST> 1.129616e+02
<STATE> 3
<MEAN> 39
 -6.329891e+00 3.135354e-02 -5.673443e+00 -1.470474e+01 5.885764e-01 -2.330153e+01 -6.410314e+00 -1.555258e+01 -4.157619e+00 -8.616545e+00 1.537835e+00 -2.788232e+00 9.463477e+01 1.179227e+00 1.874872e-01 -8.426730e-01 -2.113422e-01 -4.949534e-01 -5.353888e-01 2.289783e-01 8.508961e-02 -3.389702e-01 -7.884700e-01 2.163478e-01 5.197664e-01 -1.287370e-01 -4.584576e-01 -2.182623e-01 2.759396e-01 -5.964077e-02 4.070230e-01 1.981607e-01 5.580330e-01 1.863858e-01 8.172371e-02 -2.008885e-01 -3.744859e-02 -7.304393e-02 -4.165353e-01
<VARIANCE> 39
 2.634507e+00 5.788696e+00 1.390697e+01 9.005888e+00 8.238905e+00 2.429680e+01 1.149745e+01 2.054209e+01 1.874004e+01 3.741943e+01 1.281919e+01 2.379946e+01 4.996655e+00 1.911710e+00 8.467368e-01 1.293693e+00 8.817543e-01 1.649584e+00 1.738742e+00 2.519821e+00 2.549688e+00 2.883564e+00 4.148189e+00 1.369542e+00 1.963266e+00 1.761723e+00 5.890943e-01 2.626511e-01 1.930980e-01 2.407816e-01 1.251723e-01 4.211901e-01 3.291773e-01 6.916687e-01 8.322075e-01 7.688761e-01 3.000507e-01 3.950792e-01 1.028033e-01
<GCONST> 9.723136e+01
<STATE> 4
<MEAN> 39
 -4.841528e+00 -5.760830e-01 1.056348e-01 -1.408535e+01 7.070047e+00 -2.173819e+01 2.135123e+00 -1.572423e+01 -8.275464e+00 -1.613923e+01 3.900664e+00 -2.839030e+00 8.565952e+01 -8.364576e-02 1.204209e-01 6.183666e-01 3.261088e-01 7.184102e-01 4.195797e-01 1.486224e-01 4.225837e-02 -8.622951e-02 1.845824e-01 1.388015e-01 -4.387643e-02 -6.357147e-01 1.643043e-02 -2.653668e-02 -5.267178e-02 1.275041e-01 -1.414092e-02 7.949080e-02 -1.689211e-01 1.081479e-01 4.827565e-03 1.975281e-01 -1.112753e-01 4.741557e-02 1.679922e-02
<VARIANCE> 39
 1.143112e+01 2.346192e+01 2.500314e+01 2.433873e+01 1.885648e+01 4.303234e+01 2.041785e+01 2.423406e+01 2.397231e+01 4.712497e+01 6.797626e+01 3.138033e+01 3.064346e+01 1.488066e+00 2.180319e+00 1.905321e+00 3.904607e+00 2.144950e+00 5.050850e+00 2.015650e+00 2.251234e+00 2.537451e+00 4.509601e+00 6.017376e+00 4.293501e+00 5.018171e+00 3.617900e-01 4.008211e-01 3.779474e-01 6.249218e-01 3.510491e-01 8.989513e-01 3.819309e-01 4.600760e-01 4.858461e-01 7.429371e-01 9.052913e-01 9.483390e-01 5.941959e-01
<GCONST> 1.211231e+02
<STATE> 5
<MEAN> 39
 -4.728854e+00 8.315728e-01 3.770932e+00 -3.308186e-01 1.058238e+01 -6.600918e+00 -3.804610e+00 -8.684834e+00 -1.012233e+01 -5.309600e+00 -1.036914e+00 -2.945720e+00 6.942726e+01 -4.368832e-01 -3.555234e-01 -3.386430e-01 5.775585e-01 -8.798352e-01 1.091515e+00 -3.186321e-01 5.672051e-01 2.122000e-01 6.984776e-01 -3.683999e-01 -7.668640e-02 -1.082048e+00 -1.197661e-01 -1.450452e-02 -4.015254e-02 -2.162329e-01 -1.593325e-01 -1.233352e-01 1.014237e-01 -7.954435e-02 1.249441e-01 -5.236062e-02 1.941454e-01 -2.463908e-02 9.084839e-02
<VARIANCE> 39
 1.840154e+01 7.053704e+00 8.715568e+00 2.255616e+01 3.193505e+01 4.901989e+01 1.330788e+01 1.825478e+01 3.062406e+01 1.828464e+01 1.944984e+01 1.627765e+01 2.674223e+01 1.715234e+00 7.637841e-01 1.055358e+00 3.218690e+00 1.526744e+00 2.041035e+00 1.687892e+00 1.763835e+00 2.830985e+00 1.187886e+00 2.730283e+00 2.043414e+00 4.891920e-01 2.250765e-01 1.569030e-01 2.219857e-01 4.391416e-01 3.341438e-01 3.720694e-01 3.065259e-01 3.271505e-01 3.799663e-01 2.461347e-01 4.924908e-01 4.045630e-01 1.123028e-01
<GCONST> 9.975657e+01
<TRANSP> 6
 0.000000e+00 1.000000e+00 0.000000e+00 0.000000e+00 0.000000e+00 0.000000e+00
 0.000000e+00 9.492388e-01 5.076127e-02 0.000000e+00 0.000000e+00 0.000000e+00
 0.000000e+00 0.000000e+00 8.820056e-01 1.179943e-01 0.000000e+00 0.000000e+00
 0.000000e+00 0.000000e+00 0.000000e+00 9.486482e-01 5.135180e-02 0.000000e+00
 0.000000e+00 0.000000e+00 0.000000e+00 0.000000e+00 9.326660e-01 6.733401e-02
 0.000000e+00 0.000000e+00 0.000000e+00 0.000000e+00 0.000000e+00 0.000000e+00
<ENDHMM>
