~o
<STREAMINFO> 1 39
<VECSIZE> 39<NULLD><MFCC_D_A_0><DIAGC>
~h "sil"
<BEGINHMM>
<NUMSTATES> 6
<STATE> 2
<MEAN> 39
 -1.558953e+01 -3.384718e+00 -4.509689e-01 -4.583938e+00 1.939492e+00 -3.063210e+00 -2.112139e+00 -3.654642e+00 -3.734693e+00 -2.724169e+00 -6.044650e-02 -1.837454e+00 6.193973e+01 2.888264e-02 -4.307494e-03 -7.671229e-02 9.907694e-02 -1.109420e-01 1.220425e-01 -1.894532e-02 -5.397593e-03 3.844870e-02 -4.480505e-02 -7.180141e-02 -3.128063e-02 -9.186504e-02 1.656998e-02 -6.558207e-03 4.628267e-03 2.256938e-02 -3.601848e-02 -2.707300e-02 -2.744663e-03 -1.743380e-02 3.704326e-02 -4.428856e-03 5.729259e-03 -1.198972e-02 2.856726e-02
<VARIANCE> 39
 2.263414e+01 2.433102e+01 3.644955e+01 4.175538e+01 2.544680e+01 3.075200e+01 2.353640e+01 3.408667e+01 2.444557e+01 2.036871e+01 2.330889e+01 2.011587e+01 1.684866e+01 1.253821e+00 1.328829e+00 1.642325e+00 2.032825e+00 2.148367e+00 2.224854e+00 2.160840e+00 2.202910e+00 2.124629e+00 2.001507e+00 1.599083e+00 1.531724e+00 1.695526e+00 2.225707e-01 2.330565e-01 2.953326e-01 3.431453e-01 4.018627e-01 3.937978e-01 4.143865e-01 4.082853e-01 4.180067e-01 3.912036e-01 3.039686e-01 2.944211e-01 3.212639e-01
<GCONST> 1.073349e+02
<STATE> 3
<MEAN> 39
 -1.551850e+01 -2.474372e+00 -1.245183e+00 -3.222744e+00 -4.564255e-01 -3.540810e+00 -2.004244e+00 -3.049858e+00 -2.188877e+00 -2.760979e+00 -1.325263e+00 -2.205255e+00 5.995489e+01 2.769989e-02 -3.523862e-02 3.561524e-03 2.487084e-02 -2.581397e-02 -1.849654e-03 2.787001e-02 -1.030143e-02 3.314187e-02 -2.703696e-02 -8.838389e-03 -1.955036e-02 5.101623e-02 1.491993e-03 -2.331020e-03 9.599393e-03 -1.439401e-02 9.013705e-03 -3.572702e-03 -8.456600e-03 6.051321e-05 -1.327559e-02 6.614270e-03 4.410962e-03 2.071400e-03 1.092248e-02
<VARIANCE> 39
 5.861391e+00 4.565486e+00 7.222631e+00 1.011183e+01 8.873589e+00 1.080652e+01 1.025318e+01 1.277634e+01 1.090327e+01 1.074974e+01 1.073015e+01 9.508315e+00 3.735336e+00 1.699427e-01 2.227072e-01 3.908599e-01 6.102642e-01 8.155053e-01 9.133118e-01 1.044312e+00 1.086117e+00 1.146057e+00 1.083762e+00 1.051083e+00 9.085513e-01 8.218628e-02 3.327931e-02 4.536191e-02 8.114104e-02 1.201503e-01 1.622035e-01 1.872612e-01 2.195227e-01 2.213740e-01 2.343153e-01 2.268772e-01 2.209568e-01 1.882346e-01 1.326634e-02
<GCONST> 6.411462e+01
<STATE> 4
<MEAN> 39
 -1.427738e+01 -4.354652e+00 -1.122155e+00 -2.802505e+00 -2.313215e+00 -2.472757e+00 -3.123585e+00 -1.721817e+00 -3.032240e+00 -1.951378e+00 -2.399534e+00 -1.561988e+00 5.905267e+01 -3.833191e-03 3.003311e-03 -8.534701e-03 1.096152e-02 -2.143006e-02 2.230816e-02 -2.491023e-02 9.168720e-03 -4.457892e-03 2.130376e-02 4.794910e-04 9.874794e-03 -3.822410e-02 6.271560e-04 3.626670e-03 4.542812e-03 -2.593185e-03 9.415592e-03 -3.728699e-03 6.212226e-03 5.681308e-03 -1.086632e-03 2.101499e-04 2.800946e-04 1.015271e-03 5.095087e-03
<VARIANCE> 39
 1.933781e+00 2.325340e+00 2.866545e+00 4.735108e+00 5.257674e+00 6.304924e+00 7.062123e+00 7.681345e+00 7.845167e+00 7.720781e+00 7.167756e+00 6.599338e+00 1.546591e+00 6.301935e-02 1.302782e-01 2.304548e-01 3.468004e-01 4.641912e-01 5.796463e-01 6.737722e-01 7.533699e-01 7.771961e-01 7.973275e-01 7.348751e-01 6.354186e-01 1.981411e-02 1.290655e-02 2.695945e-02 4.831409e-02 7.134690e-02 9.569110e-02 1.197971e-01 1.388982e-01 1.554118e-01 1.603585e-01 1.649978e-01 1.531085e-01 1.275768e-01 3.917519e-03
<GCONST> 4.215021e+01
<STATE> 5
<MEAN> 39
 -1.531947e+01 -2.431572e+00 5.527439e-01 -4.626178e+00 1.996971e+00 -4.203001e+00 -9.611837e-01 -3.430233e+00 -2.725877e+00 -2.944712e+00 -1.225621e+00 -2.754992e+00 6.397203e+01 5.368566e-02 4.225443e-02 3.556098e-01 -5.525223e-01 5.143135e-01 -6.036784e-01 1.662488e-01 -3.873875e-01 -1.634290e-01 -1.840572e-01 6.337039e-03 -2.492713e-01 1.232119e+00 1.682600e-02 6.552322e-03 3.717323e-02 -9.639537e-02 3.711459e-02 -1.614075e-01 2.390636e-03 -1.161194e-01 -2.902869e-02 -1.187482e-01 2.030575e-02 -6.763666e-02 3.079513e-01
<VARIANCE> 39
 2.235357e+01 2.793493e+01 2.603974e+01 4.178552e+01 2.800185e+01 4.041333e+01 2.279037e+01 2.829636e+01 2.528388e+01 2.029488e+01 2.167425e+01 1.535662e+01 4.221698e+01 2.709893e+00 3.188226e+00 2.734257e+00 3.610188e+00 3.108350e+00 4.412112e+00 2.434067e+00 2.645707e+00 2.887688e+00 2.630394e+00 2.386480e+00 1.548850e+00 6.534347e+00 4.422902e-01 5.364144e-01 4.975028e-01 6.580095e-01 5.700589e-01 7.593631e-01 5.008392e-01 4.788436e-01 4.794983e-01 4.890483e-01 4.267639e-01 2.887605e-01 9.866855e-01
<GCONST> 1.201588e+02
<TRANSP> 6
 0.000000e+00 6.148828e-01 3.851172e-01 0.000000e+00 0.000000e+00 0.000000e+00
 0.000000e+00 9.221143e-01 7.548408e-02 2.401648e-03 0.000000e+00 0.000000e+00
 0.000000e+00 0.000000e+00 9.508439e-01 3.272928e-02 1.642685e-02 0.000000e+00
 0.000000e+00 0.000000e+00 0.000000e+00 9.706858e-01 1.085247e-02 1.846170e-02
 0.000000e+00 0.000000e+00 0.000000e+00 0.000000e+00 8.972315e-01 1.027685e-01
 0.000000e+00 0.000000e+00 0.000000e+00 0.000000e+00 0.000000e+00 0.000000e+00
<ENDHMM>
