~o
<STREAMINFO> 1 39
<VECSIZE> 39<NULLD><MFCC_D_A_0><DIAGC>
~h "three"
<BEGINHMM>
<NUMSTATES> 6
<STATE> 2
<MEAN> 39
 -1.753619e+01 -8.204487e+00 -1.454612e-02 -1.274876e+01 6.572813e-01 -1.015131e+01 -3.384213e+00 -8.450850e+00 1.406289e+00 -7.180121e+00 1.849023e+00 -6.671662e+00 8.593496e+01 1.199281e+00 1.744485e+00 6.701357e-01 4.805326e-01 1.438661e+00 -2.590095e+00 -1.222174e+00 -2.001676e+00 -1.534089e+00 -7.853948e-01 -8.503163e-01 -9.930493e-01 3.509486e+00 7.601919e-01 1.167114e+00 1.366380e-02 1.304166e+00 5.973455e-01 -1.386466e-01 -1.081163e-02 -1.916615e-02 -9.234368e-01 2.043399e-01 -6.776385e-01 4.415165e-01 -1.767708e+00
<VARIANCE> 39
 6.187345e+00 2.634798e+01 9.897565e+00 3.686345e+01 3.049759e+01 1.350402e+01 1.729266e+01 1.635804e+01 2.350517e+01 3.091125e+01 1.573295e+01 2.273688e+01 1.076597e+02 3.488163e+00 8.748063e+00 1.319519e+00 1.193308e+01 3.391940e+00 2.316759e+00 1.140051e+00 2.252076e+00 7.634036e+00 3.357798e+00 3.531066e+00 2.444255e+00 2.199762e+01 2.783044e-01 6.362358e-01 2.445345e-01 1.016654e+00 5.047670e-01 3.581652e-01 4.035793e-01 2.786288e-01 6.662295e-01 7.890785e-01 3.649373e-01 5.359980e-01 2.319996e+00
<GCONST> 1.207009e+02
<STATE> 3
<MEAN> 39
 -3.868307e+00 8.003483e+00 -6.816526e+00 -9.387650e+00 1.372444e+01 -2.152596e+01 -1.098515e+00 -1.686259e+01 -1.112120e+01 -1.084241e+01 -7.876897e+00 -2.707746e+00 8.624225e+01 3.900196e-01 2.358349e-01 -5.612432e-01 3.266361e-01 1.957374e-01 -5.444926e-01 -3.496683e-02 -2.604769e-01 1.673844e-01 -2.672607e-02 -2.760237e-02 -3.893684e-02 9.974626e-02 -1.933779e-01 -2.106835e-01 7.249450e-02 -1.524357e-02 -1.781709e-01 7.971382e-02 -2.549427e-03 1.713093e-01 2.299868e-01 -2.788550e-02 1.098674e-01 -1.119687e-01 4.374024e-02
<VARIANCE> 39
 7.570842e+00 1.203556e+01 3.547700e+01 4.438354e+01 2.999753e+01 3.532724e+01 4.031195e+01 2.304986e+01 3.231579e+01 2.189939e+01 2.570499e+01 2.132495e+01 1.497310e+01 1.233461e+00 2.030085e+00 1.214015e+00 4.052715e+00 4.279953e+00 3.749121e+00 3.868042e+00 2.437814e+00 3.367945e+00 2.473126e+00 2.592311e+00 2.290189e+00 7.396834e-01 1.223945e-01 2.281875e-01 2.457871e-01 5.428498e-01 7.392148e-01 8.057128e-01 5.983561e-01 5.115939e-01 4.884394e-01 5.329837e-01 3.471671e-01 3.192227e-01 1.303284e-01
<GCONST> 1.111784e+02
<STATE> 4
<MEAN> 39
 -1.033437e+01 2.654574e+00 5.842198e+00 2.536279e+00 5.653592e+00 -2.955342e+01 -7.207128e+00 -7.995426e+00 -2.762206e+00 -1.845765e+01 -6.531042e-01 -8.284905e+00 8.821191e+01 -6.679111e-01 7.249361e-02 1.988370e+00 2.552795e-01 -1.512540e-01 -1.619128e-01 4.001305e-01 1.012654e+00 -1.719704e-01 -9.774239e-01 1.852731e-01 4.941818e-02 -5.789251e-01 3.990801e-02 3.699028e-02 -4.739787e-02 -1.263282e-01 1.132466e-01 1.819997e-01 1.868865e-01 -9.682804e-02 -1.083810e-01 1.071816e-01 -4.340410e-02 1.185486e-01 -1.190582e-01
<VARIANCE> 39
 7.967732e+00 1.990899e+01 8.854405e+01 8.652908e+00 1.268548e+01 2.608450e+01 1.615489e+01 4.394571e+01 2.389520e+01 4.283838e+01 1.385292e+01 1.881029e+01 1.356739e+01 2.367232e-01 1.053006e+00 1.171006e+00 7.413127e-01 1.358339e+00 2.768116e+00 1.335781e+00 2.039524e+00 1.318659e+00 2.032837e+00 9.332622e-01 2.001510e+00 6.162683e-01 3.809277e-02 1.726191e-01 2.459612e-01 1.601679e-01 1.753691e-01 6.661991e-01 1.592957e-01 3.076424e-01 2.997090e-01 4.090145e-01 2.200783e-01 4.413045e-01 5.248487e-02
<GCONST> 9.197729e+01
<STATE> 5
<MEAN> 39
 -1.504755e+01 -5.347116e-01 1.411864e+01 9.339980e-01 4.663514e+00 -1.610822e+01 9.457096e-01 -2.132963e+00 -5.179866e+00 -1.290177e+01 -1.749595e+00 -5.276900e+00 7.135667e+01 1.498812e-01 -6.882343e-01 -1.391533e+00 -4.650339e-01 -5.855532e-01 2.051295e+00 2.690880e-02 2.499999e-01 3.501757e-02 1.467104e+00 -1.654463e-01 5.137565e-01 -1.413580e+00 5.398828e-02 1.424127e-03 -1.619818e-01 -7.281290e-02 -7.500251e-02 -3.224798e-02 -1.137227e-01 6.233952e-03 4.401326e-02 2.094639e-03 2.828248e-02 4.438986e-02 7.057964e-02
<VARIANCE> 39
 5.675686e+00 2.893081e+01 8.478112e+01 2.612755e+01 2.787019e+01 1.176881e+02 2.617896e+01 2.976562e+01 2.330444e+01 7.015649e+01 1.316477e+01 2.113275e+01 5.718302e+01 9.543741e-01 1.542736e+00 6.859889e+00 2.458834e+00 1.980028e+00 5.371027e+00 2.556255e+00 1.808884e+00 2.184845e+00 2.898861e+00 1.572027e+00 2.001744e+00 8.681831e-01 1.264248e-01 3.194109e-01 1.236037e+00 4.764549e-01 4.343194e-01 1.042575e+00 4.399481e-01 2.622981e-01 4.434453e-01 5.402418e-01 3.097506e-01 4.357959e-01 1.490301e-01
<GCONST> 1.142422e+02
<TRANSP> 6
 0.000000e+00 1.000000e+00 0.000000e+00 0.000000e+00 0.000000e+00 0.000000e+00
 0.000000e+00 7.368640e-01 2.631360e-01 0.000000e+00 0.000000e+00 0.000000e+00
 0.000000e+00 0.000000e+00 9.515753e-01 4.842465e-02 0.000000e+00 0.000000e+00
 0.000000e+00 0.000000e+00 0.000000e+00 9.313195e-01 6.868047e-02 0.000000e+00
 0.000000e+00 0.000000e+00 0.000000e+00 0.000000e+00 9.258629e-01 7.413709e-02
 0.000000e+00 0.000000e+00 0.000000e+00 0.000000e+00 0.000000e+00 0.000000e+00
<ENDHMM>
