~o
<STREAMINFO> 1 39
<VECSIZE> 39<NULLD><MFCC_D_A_0><DIAGC>
~h "nine"
<BEGINHMM>
<NUMSTATES> 6
<STATE> 2
<MEAN> 39
 -3.258628e+00 6.722448e+00 5.804911e+00 -6.139790e+00 1.269868e+01 -1.572880e+01 3.197487e+00 -1.226924e+01 -1.553886e+01 -5.817138e+00 -5.373736e+00 -3.591743e+00 7.697456e+01 5.082471e-01 -3.692758e-01 -4.745988e-01 -1.831228e+00 -6.643200e-01 -1.524804e+00 1.189069e+00 -3.124158e-01 2.204148e-01 -5.290051e-01 1.507138e+00 7.219920e-02 2.778701e+00 -2.942312e-01 -4.294595e-01 -4.783409e-01 -2.198853e-01 -3.513989e-01 1.661932e-01 9.071115e-02 4.116432e-01 3.504548e-01 -2.861896e-02 2.712036e-01 1.368524e-01 4.193373e-03
<VARIANCE> 39
 9.119729e+00 1.907382e+01 1.120297e+01 4.897287e+01 5.095489e+01 3.075110e+01 4.258386e+01 2.639452e+01 3.801768e+01 1.568154e+01 5.056171e+01 2.005500e+01 6.937993e+01 2.855297e+00 4.313802e+00 3.035740e+00 2.428477e+00 7.984928e+00 3.723360e+00 3.035444e+00 3.906653e+00 5.750021e+00 1.298249e+00 4.890961e+00 2.127643e+00 2.266544e+00 3.072827e-01 5.515108e-01 2.996152e-01 4.841205e-01 1.285882e+00 9.035807e-01 6.229928e-01 5.354463e-01 8.443487e-01 2.410676e-01 8.717530e-01 4.516112e-01 5.841561e-01
<GCONST> 1.229063e+02
<STATE> 3
<MEAN> 39
 -4.075309e+00 -1.571313e+00 -7.254290e+00 -2.018036e+01 7.420164e+00 -1.870020e+01 1.035395e+01 -6.427842e+00 -2.056912e+00 -1.696502e+01 5.890522e+00 2.711549e+00 9.296873e+01 -5.941356e-02 -2.347776e-01 -2.236250e-01 -7.815988e-02 6.068721e-01 1.632305e-02 -3.439923e-01 1.647910e-01 7.818385e-01 -4.377275e-01 3.416827e-01 -1.128228e-02 -2.470953e-02 -3.802674e-02 4.200286e-02 2.250814e-01 1.541868e-01 8.185931e-02 -8.958476e-02 -1.138349e-01 -7.691093e-02 1.916437e-02 8.061582e-02 -4.845661e-02 -1.621107e-01 -1.319952e-01
<VARIANCE> 39
 2.432529e+00 6.462955e+00 1.602470e+01 8.857071e+00 2.143178e+01 2.261445e+01 1.455795e+01 1.039491e+01 3.626563e+01 3.708353e+01 2.288128e+01 1.976049e+01 2.939470e+00 2.056208e-01 4.606960e-01 1.501145e+00 7.716962e-01 1.283484e+00 2.829898e+00 1.149183e+00 1.050987e+00 1.504065e+00 2.533132e+00 1.905041e+00 2.422352e+00 2.530934e-01 3.129590e-02 8.827107e-02 1.426447e-01 2.062243e-01 2.606890e-01 4.868862e-01 1.481775e-01 1.682893e-01 2.771584e-01 3.573515e-01 4.408629e-01 2.546093e-01 1.157625e-01
<GCONST> 8.391974e+01
<STATE> 4
<MEAN> 39
 -1.016354e+01 -3.611298e+00 7.686722e+00 -1.071265e+01 1.372444e+01 -3.383922e+01 -1.086244e+00 -5.338874e+00 6.832261e+00 -1.602487e+01 8.144905e+00 -7.584616e+00 8.749216e+01 -5.317804e-01 1.945116e-02 1.789100e+00 1.192653e+00 -1.669612e-01 -1.141432e+00 -4.059261e-01 3.405384e-01 -4.629257e-01 -1.089238e-01 -9.812661e-01 -2.735663e-01 -8.120050e-01 3.636703e-03 -2.293033e-02 -5.250137e-02 -2.109264e-02 -6.170920e-02 2.626077e-01 1.385116e-01 5.255617e-02 -2.170667e-01 -5.301516e-02 -9.028789e-02 1.860989e-01 -7.174909e-02
<VARIANCE> 39
 8.317448e+00 5.484351e+00 6.172481e+01 2.900148e+01 1.090120e+01 3.348407e+01 1.029914e+01 1.503422e+01 2.106608e+01 1.060653e+01 3.007562e+01 1.661040e+01 1.416500e+01 2.037275e-01 4.952146e-01 4.881039e-01 5.546677e-01 7.614280e-01 1.828911e+00 1.156734e+00 1.219478e+00 1.727607e+00 1.281604e+00 1.133296e+00 1.633667e+00 2.143677e-01 3.486389e-02 6.551401e-02 6.941954e-02 9.017234e-02 1.525579e-01 1.848996e-01 1.474608e-01 2.001868e-01 1.815793e-01 2.179413e-01 2.323496e-01 1.830564e-01 1.705518e-02
<GCONST> 7.644444e+01
<STATE> 5
<MEAN> 39
 -1.527064e+01 -8.125319e+00 1.583464e+01 -2.192776e+00 4.724953e+00 -2.667344e+01 -1.143198e+00 3.080586e+00 -6.636255e+00 -1.327239e+01 -4.043239e-01 -1.161522e+00 7.272918e+01 2.073976e-02 -1.921588e-01 -1.112258e+00 4.956532e-01 -1.226587e+00 1.995319e+00 -2.758674e-02 5.952500e-01 -5.477656e-01 8.089397e-01 -2.096769e-01 4.990210e-01 -1.389431e+00 6.958374e-02 9.304213e-02 -2.118632e-01 -9.064474e-02 -3.003710e-02 8.535562e-02 -2.723695e-02 -1.353489e-01 2.020857e-01 4.932863e-02 2.284332e-02 -6.209483e-02 1.580618e-02
<VARIANCE> 39
 1.443403e+01 2.586583e+01 4.528363e+01 1.797610e+01 6.062627e+01 9.056929e+01 2.150259e+01 3.549815e+01 4.062685e+01 3.033033e+01 1.704622e+01 3.357617e+01 3.163652e+01 8.550257e-01 1.319443e+00 2.208058e+00 1.286982e+00 2.689785e+00 1.859817e+00 1.838482e+00 2.406295e+00 2.872407e+00 2.009696e+00 1.402817e+00 1.789010e+00 4.079386e-01 1.208794e-01 1.414952e-01 2.012264e-01 3.093601e-01 5.587348e-01 3.046807e-01 3.924945e-01 3.964321e-01 4.030787e-01 3.769788e-01 2.575839e-01 3.168590e-01 4.853562e-02
<GCONST> 1.046180e+02
<TRANSP> 6
 0.000000e+00 1.000000e+00 0.000000e+00 0.000000e+00 0.000000e+00 0.000000e+00
 0.000000e+00 8.969072e-01 1.030928e-01 0.000000e+00 0.000000e+00 0.000000e+00
 0.000000e+00 0.000000e+00 9.465241e-01 5.347594e-02 0.000000e+00 0.000000e+00
 0.000000e+00 0.000000e+00 0.000000e+00 9.224806e-01 7.751937e-02 0.000000e+00
 0.000000e+00 0.000000e+00 0.000000e+00 0.000000e+00 9.218750e-01 7.812500e-02
 0.000000e+00 0.000000e+00 0.000000e+00 0.000000e+00 0.000000e+00 0.000000e+00
<ENDHMM>
