~o
<STREAMINFO> 1 39
<VECSIZE> 39<NULLD><MFCC_D_A_0><DIAGC>
~h "three"
<BEGINHMM>
<NUMSTATES> 6
<STATE> 2
<MEAN> 39
 -1.447682e+01 -4.209528e+00 6.639125e-01 -9.464187e+00 3.034224e+00 -1.331773e+01 -4.693683e+00 -1.068505e+01 -2.274680e+00 -7.711998e+00 -9.629794e-01 -6.539134e+00 8.610806e+01 1.786838e+00 2.185212e+00 2.869613e-01 8.378564e-01 1.784040e+00 -2.461816e+00 -1.002249e+00 -1.879448e+00 -1.936054e+00 -7.455401e-01 -1.165605e+00 -3.595293e-01 2.201291e+00 3.616702e-01 5.197377e-01 -1.792325e-01 5.240377e-01 3.409360e-01 1.451732e-01 1.439198e-01 1.852664e-01 -3.364063e-01 3.898583e-02 -2.904619e-01 3.580085e-01 -1.209704e+00
<VARIANCE> 39
 2.494180e+01 5.432894e+01 9.928651e+00 5.185021e+01 3.561493e+01 3.856449e+01 2.135264e+01 3.311075e+01 4.877865e+01 2.441844e+01 3.161076e+01 2.023198e+01 7.545623e+01 3.287313e+00 6.739608e+00 1.421156e+00 9.383628e+00 3.080430e+00 2.575599e+00 1.603028e+00 2.398394e+00 6.099995e+00 3.239177e+00 3.176804e+00 2.765176e+00 1.878636e+01 5.723213e-01 1.364893e+00 2.977608e-01 2.032287e+00 6.021823e-01 5.783552e-01 4.094492e-01 5.613753e-01 1.299633e+00 7.888860e-01 6.346032e-01 5.155889e-01 2.351210e+00
<GCONST> 1.304701e+02
<STATE> 3
<MEAN> 39
 -3.508262e+00 8.239791e+00 -7.702065e+00 -9.768661e+00 1.413191e+01 -2.187904e+01 -6.515386e-01 -1.708592e+01 -1.093116e+01 -1.092386e+01 -7.819322e+00 -2.571272e+00 8.631351e+01 9.875511e-02 -5.495044e-02 -4.882319e-01 2.524505e-01 -6.047323e-02 -4.080087e-01 -1.879782e-02 -6.431887e-02 4.695426e-01 -1.278679e-02 1.422806e-01 -1.921026e-01 1.669856e-01 -1.656441e-01 -1.443591e-01 1.433982e-01 6.955782e-02 -1.716012e-01 2.517692e-02 -3.779750e-02 1.406308e-01 1.391563e-01 -2.275130e-02 7.829692e-02 -1.146514e-01 5.020574e-02
<VARIANCE> 39
 6.125722e+00 1.139638e+01 2.936196e+01 4.404567e+01 2.869788e+01 3.725557e+01 3.828955e+01 2.175760e+01 3.754008e+01 2.337040e+01 2.767224e+01 2.246483e+01 1.564781e+01 6.109951e-01 1.249091e+00 1.461870e+00 3.946679e+00 3.956430e+00 3.475115e+00 3.929254e+00 2.401127e+00 2.575010e+00 2.406574e+00 2.279775e+00 2.396560e+00 6.805538e-01 1.083993e-01 1.901785e-01 2.064250e-01 4.549370e-01 7.590618e-01 7.720923e-01 5.999591e-01 4.528862e-01 4.762973e-01 5.344499e-01 3.459682e-01 3.246087e-01 1.039533e-01
<GCONST> 1.083292e+02
<STATE> 4
<MEAN> 39
 -1.087064e+01 2.823647e+00 7.318063e+00 2.571508e+00 5.761353e+00 -2.939103e+01 -6.598691e+00 -7.032168e+00 -2.954421e+00 -1.885314e+01 -6.564220e-01 -8.112687e+00 8.775396e+01 -6.254078e-01 6.642642e-02 1.942585e+00 2.095544e-01 -7.900906e-02 -5.334733e-02 5.709169e-01 9.137081e-01 -1.603218e-01 -8.547354e-01 1.379624e-01 7.160740e-02 -6.657615e-01 4.611998e-02 1.024383e-02 -5.660790e-02 -9.371929e-02 8.920531e-02 1.626517e-01 1.535268e-01 -1.252879e-01 -7.230829e-02 1.397750e-01 -5.390950e-02 6.854482e-02 -1.239922e-01
<VARIANCE> 39
 7.672729e+00 1.972705e+01 8.881013e+01 8.273378e+00 1.286639e+01 2.776626e+01 2.091879e+01 4.065104e+01 2.270334e+01 3.813046e+01 1.274880e+01 1.784314e+01 1.558126e+01 2.147137e-01 9.892493e-01 1.485810e+00 6.279139e-01 1.202569e+00 3.466336e+00 1.395244e+00 1.893498e+00 1.431155e+00 2.220532e+00 9.878232e-01 1.867841e+00 6.353309e-01 3.593640e-02 1.889209e-01 3.185519e-01 1.516777e-01 1.751960e-01 7.976946e-01 1.614840e-01 2.897024e-01 3.217426e-01 3.767324e-01 2.034262e-01 4.186774e-01 5.509451e-02
<GCONST> 9.242820e+01
<STATE> 5
<MEAN> 39
 -1.508964e+01 -1.110760e+00 1.375187e+01 8.652595e-01 4.261703e+00 -1.503371e+01 9.346780e-01 -2.221833e+00 -5.259632e+00 -1.238036e+01 -1.763042e+00 -5.143286e+00 7.023465e+01 2.026509e-01 -7.242859e-01 -1.668648e+00 -5.494729e-01 -6.672634e-01 2.173721e+00 -1.527023e-01 2.451331e-01 -1.913154e-02 1.580187e+00 -1.353909e-01 6.278996e-01 -1.426572e+00 5.625646e-02 3.063052e-02 -1.824235e-01 -8.451281e-02 -5.756705e-02 -3.572723e-02 -1.067323e-01 2.257624e-02 4.382482e-02 -9.106262e-03 3.009582e-02 7.056627e-02 8.853153e-02
<VARIANCE> 39
 6.088896e+00 2.731128e+01 8.777479e+01 2.804220e+01 2.769422e+01 1.117823e+02 2.754085e+01 3.043763e+01 2.333596e+01 7.016854e+01 1.365547e+01 2.174271e+01 4.741795e+01 1.008797e+00 1.638878e+00 6.175819e+00 2.580654e+00 2.083799e+00 4.706227e+00 2.349238e+00 1.895456e+00 2.087187e+00 2.790548e+00 1.612156e+00 1.899761e+00 8.853441e-01 1.370619e-01 3.195266e-01 1.236069e+00 5.073522e-01 4.655238e-01 9.410551e-01 4.714105e-01 2.627412e-01 4.043081e-01 5.496997e-01 3.225123e-01 4.480203e-01 1.525371e-01
<GCONST> 1.143019e+02
<TRANSP> 6
 0.000000e+00 1.000000e+00 0.000000e+00 0.000000e+00 0.000000e+00 0.000000e+00
 0.000000e+00 8.214286e-01 1.785714e-01 0.000000e+00 0.000000e+00 0.000000e+00
 0.000000e+00 0.000000e+00 9.484536e-01 5.154639e-02 0.000000e+00 0.000000e+00
 0.000000e+00 0.000000e+00 0.000000e+00 9.342105e-01 6.578948e-02 0.000000e+00
 0.000000e+00 0.000000e+00 0.000000e+00 0.000000e+00 9.186992e-01 8.130082e-02
 0.000000e+00 0.000000e+00 0.000000e+00 0.000000e+00 0.000000e+00 0.000000e+00
<ENDHMM>
