~o
<STREAMINFO> 1 39
<VECSIZE> 39<NULLD><MFCC_D_A_0><DIAGC>
~h "minus"
<BEGINHMM>
<NUMSTATES> 6
<STATE> 2
<MEAN> 39
 -2.236380e+00 7.664507e+00 -1.277144e+00 -1.343305e+01 4.948542e+00 -1.458433e+01 2.845974e+00 -8.270000e+00 -2.122678e+01 -1.775209e+01 -1.245494e+01 -5.578557e+00 7.710047e+01 1.154481e+00 -6.949164e-01 -2.169180e+00 -1.620135e+00 -1.798824e+00 -2.437744e+00 5.469209e-01 -9.612166e-01 4.329746e-01 -1.390448e+00 2.262253e+00 3.575661e-01 3.841506e+00 -7.190593e-01 -9.359660e-01 -4.209544e-01 1.476805e-01 -3.085706e-01 4.000939e-01 -2.620607e-02 9.579407e-02 8.264238e-01 7.990512e-01 7.600044e-01 3.276194e-01 -6.823561e-02
<VARIANCE> 39
 9.090535e+00 1.826419e+01 3.705339e+01 2.995352e+01 5.392228e+01 5.968972e+01 1.470929e+01 2.747901e+01 5.955647e+01 2.290139e+01 7.450421e+01 2.166883e+01 5.647178e+01 3.688576e+00 6.893102e+00 3.717119e+00 2.586444e+00 4.992182e+00 4.568763e+00 1.964415e+00 1.750971e+00 1.257216e+01 6.575836e+00 1.048494e+01 2.759466e+00 2.685112e+00 2.646416e-01 6.399468e-01 7.814342e-01 6.289722e-01 1.063353e+00 1.602609e+00 3.283979e-01 4.006768e-01 1.836401e+00 8.398091e-01 2.183705e+00 5.776900e-01 5.893266e-01
<GCONST> 1.313033e+02
<STATE> 3
<MEAN> 39
 -6.676105e+00 1.369324e+00 -3.985475e+00 -1.166325e+01 2.453680e+00 -2.225017e+01 -2.850919e+00 -1.202146e+01 -1.153205e+01 -1.159484e+01 -1.050820e+00 -1.124055e+01 8.770335e+01 -1.272878e-01 2.014746e-02 1.904532e-01 1.287715e-01 3.152890e-01 -4.283149e-03 -3.120668e-01 -8.662785e-02 1.183049e-01 4.428840e-01 3.562978e-01 -7.536928e-02 2.123903e-02 5.025997e-02 1.928181e-02 3.851672e-02 -1.032947e-02 6.193120e-02 -1.365006e-02 -1.402245e-02 6.718469e-02 -1.192489e-02 2.421401e-02 2.398790e-04 3.772760e-02 -6.127616e-02
<VARIANCE> 39
 1.047696e+01 3.525745e+01 7.317657e+01 2.402560e+01 1.831286e+01 7.928719e+01 3.751340e+01 1.737480e+01 2.417464e+01 3.264692e+01 3.497857e+01 3.444052e+01 4.752394e+01 1.324518e+00 2.589966e+00 2.796705e+00 1.397017e+00 1.345667e+00 7.295546e+00 1.543795e+00 1.853166e+00 1.585966e+00 2.786971e+00 4.737548e+00 2.267391e+00 2.816721e+00 2.727928e-01 3.980757e-01 3.390733e-01 2.605833e-01 3.047381e-01 1.175801e+00 2.739933e-01 3.942428e-01 3.093077e-01 4.178838e-01 7.531881e-01 3.128261e-01 3.801246e-01
<GCONST> 1.149173e+02
<STATE> 4
<MEAN> 39
 -9.135816e+00 -2.109613e+00 9.252886e-01 -1.452611e+01 7.102132e+00 -1.636414e+01 -4.737843e+00 -1.088798e+01 -9.733877e+00 -4.970194e+00 9.849922e+00 1.153998e+00 8.583289e+01 -1.101327e+00 -4.442750e-01 6.197420e-01 -2.147292e-01 -1.071206e-01 8.202778e-01 1.061705e-01 2.679664e-01 6.067982e-01 -2.303687e-04 -2.946245e-01 -2.347150e-02 -1.091882e-01 -2.815615e-01 1.199737e-02 1.374676e-02 -8.808992e-03 -7.767980e-02 3.602942e-02 5.773984e-02 1.168731e-02 6.696129e-02 -5.108598e-02 -1.387915e-01 -1.519909e-01 5.406226e-02
<VARIANCE> 39
 3.231144e+01 3.436134e+01 3.836303e+01 1.194861e+01 1.272332e+01 4.277698e+01 3.083364e+01 1.656724e+01 2.677749e+01 2.503046e+01 2.613194e+01 2.408225e+01 2.317989e+01 4.236216e+00 4.185029e+00 1.332880e+00 1.094892e+00 1.386189e+00 1.906703e+00 1.414636e+00 1.747948e+00 3.700091e+00 1.901321e+00 1.860528e+00 3.125654e+00 1.877937e+00 3.949904e-01 7.134787e-01 3.237481e-01 2.193915e-01 2.943622e-01 3.477736e-01 2.595285e-01 2.992317e-01 5.619092e-01 3.562730e-01 3.258430e-01 3.110116e-01 2.740549e-01
<GCONST> 1.089824e+02
<STATE> 5
<MEAN> 39
 -3.265443e+01 -6.146170e+00 3.174701e+00 -1.757563e+01 8.450465e+00 -8.495839e+00 2.689901e+00 -3.890938e+00 2.056367e+00 -3.115180e+00 2.794834e+00 -5.131609e+00 8.397964e+01 2.972316e-01 1.634370e-01 -1.836986e-01 1.671930e-01 -1.242801e-02 -6.668283e-02 1.546284e-01 2.461898e-01 -1.127855e-01 1.312617e-01 -1.874032e-01 1.281397e-01 -9.236633e-01 2.512240e-01 5.263910e-02 -1.281174e-02 9.728088e-02 2.180296e-02 1.519250e-02 -7.108183e-02 -1.154713e-02 -1.275693e-01 1.868869e-02 -2.943090e-02 7.873768e-02 -1.520091e-01
<VARIANCE> 39
 2.636703e+01 1.709180e+01 1.872448e+01 1.881835e+01 2.145559e+01 1.688166e+01 1.821513e+01 1.899374e+01 1.519427e+01 1.055981e+01 1.140564e+01 1.291071e+01 6.182655e+01 2.947858e+00 9.837307e-01 1.327172e+00 1.673999e+00 1.740183e+00 1.463288e+00 1.258241e+00 1.561536e+00 1.060324e+00 8.928560e-01 8.803084e-01 8.507251e-01 1.960668e+00 3.057184e-01 2.031229e-01 2.033044e-01 2.711687e-01 3.029891e-01 3.180661e-01 2.227268e-01 2.532090e-01 2.014007e-01 1.613563e-01 1.656177e-01 1.811340e-01 1.786951e-01
<GCONST> 9.384074e+01
<TRANSP> 6
 0.000000e+00 1.000000e+00 0.000000e+00 0.000000e+00 0.000000e+00 0.000000e+00
 0.000000e+00 8.214286e-01 1.785714e-01 0.000000e+00 0.000000e+00 0.000000e+00
 0.000000e+00 0.000000e+00 9.672131e-01 3.278688e-02 0.000000e+00 0.000000e+00
 0.000000e+00 0.000000e+00 0.000000e+00 9.444444e-01 5.555555e-02 0.000000e+00
 0.000000e+00 0.000000e+00 0.000000e+00 0.000000e+00 9.600000e-01 4.000000e-02
 0.000000e+00 0.000000e+00 0.000000e+00 0.000000e+00 0.000000e+00 0.000000e+00
<ENDHMM>
