~o
<STREAMINFO> 1 39
<VECSIZE> 39<NULLD><MFCC_D_A_0><DIAGC>
~h "five"
<BEGINHMM>
<NUMSTATES> 6
<STATE> 2
<MEAN> 39
 -1.965010e+01 -7.763079e+00 -5.330430e+00 -1.281212e+01 3.379354e+00 -9.670141e+00 2.047475e+00 -7.670734e+00 -5.047033e-01 -7.648577e+00 3.308979e+00 -5.509812e+00 8.267637e+01 6.670899e-01 2.192380e-01 -2.045852e-01 -4.097606e-01 -5.362568e-01 -5.640856e-01 1.081037e-01 2.930411e-02 -1.627153e-01 -6.080577e-01 -3.154304e-01 1.512642e-01 1.218959e+00 8.013353e-02 3.051976e-02 8.682196e-03 2.835033e-02 -6.424741e-02 7.420241e-03 -5.149386e-02 9.920648e-02 3.446564e-02 -1.251306e-02 -8.582078e-03 4.629521e-02 -5.234688e-02
<VARIANCE> 39
 8.314648e+01 3.306201e+01 1.632224e+01 1.638841e+01 3.445707e+01 2.963437e+01 2.300908e+01 1.906407e+01 2.575449e+01 3.098287e+01 2.214545e+01 1.572844e+01 5.645823e+01 6.280735e+00 3.321437e+00 1.927606e+00 1.001424e+00 2.931237e+00 2.497151e+00 2.430099e+00 2.018831e+00 2.667804e+00 2.561284e+00 2.757370e+00 1.453701e+00 1.521738e+00 7.341272e-01 6.668815e-01 3.573090e-01 2.217512e-01 4.864324e-01 5.564405e-01 4.727329e-01 4.072521e-01 5.515589e-01 4.732850e-01 6.026489e-01 2.616165e-01 2.364450e-01
<GCONST> 1.149365e+02
<STATE> 3
<MEAN> 39
 -3.610250e+00 -4.252419e+00 -9.823998e+00 -1.684485e+01 -1.884355e+00 -1.204922e+01 1.995547e+00 -2.928857e+00 -1.829432e-01 -1.545373e+01 5.179074e-01 1.917436e-02 9.330415e+01 -2.442914e-01 -2.581026e-01 1.168865e-01 1.721284e-01 7.890029e-01 -4.168125e-01 -3.578992e-01 5.525664e-02 7.233180e-01 1.746562e-01 4.911538e-01 -1.747663e-01 4.551444e-02 -7.784693e-02 4.985117e-02 1.882588e-01 7.909290e-02 9.337683e-02 -2.122190e-01 -7.551593e-02 -6.268241e-02 1.136557e-02 4.848667e-02 -1.712073e-02 -9.777727e-02 -1.100261e-01
<VARIANCE> 39
 7.466117e+00 1.295145e+01 9.999196e+00 1.590973e+01 3.361864e+01 4.014904e+01 2.226800e+01 1.871112e+01 2.524964e+01 4.340677e+01 2.429022e+01 1.438564e+01 7.237670e+00 3.387066e-01 6.432754e-01 1.027855e+00 1.553721e+00 1.604088e+00 4.691211e+00 1.923655e+00 1.471303e+00 2.004006e+00 2.093787e+00 1.192471e+00 1.294358e+00 2.963672e-01 6.619091e-02 1.351533e-01 1.137239e-01 2.988725e-01 3.512381e-01 4.166494e-01 2.736500e-01 2.468522e-01 3.838016e-01 4.195285e-01 2.211589e-01 1.972741e-01 6.981041e-02
<GCONST> 9.171296e+01
<STATE> 4
<MEAN> 39
 -1.175963e+01 -4.135659e+00 4.820921e+00 -7.066113e+00 1.035166e+01 -2.795107e+01 -7.737710e+00 -6.389808e+00 2.191175e+00 -1.358037e+01 -1.781092e-01 -6.578846e+00 8.208319e+01 -7.825139e-01 -1.312787e-02 2.484657e-01 2.955866e-01 1.303076e-01 7.309210e-01 2.088309e-01 -3.353906e-01 -4.539042e-01 1.657687e-01 -2.279231e-01 -1.679538e-01 -1.004779e+00 -1.353009e-01 1.372949e-02 -1.882563e-01 -8.522040e-02 -1.488065e-01 2.944168e-01 1.813365e-01 -2.843682e-02 -4.770875e-02 -2.315060e-02 7.225315e-02 1.061123e-01 1.157917e-01
<VARIANCE> 39
 2.088235e+01 2.987523e+01 4.758469e+01 3.109605e+01 3.256736e+01 1.077147e+02 2.661816e+01 2.343084e+01 4.601379e+01 5.300282e+01 5.279343e+01 2.724552e+01 6.102071e+01 2.646508e+00 2.372929e+00 5.092463e+00 2.479830e+00 3.022413e+00 9.533573e+00 3.986676e+00 1.730600e+00 2.919775e+00 5.770935e+00 4.023313e+00 2.103480e+00 1.555549e+00 4.635625e-01 4.142456e-01 5.233417e-01 3.208775e-01 5.068137e-01 1.241550e+00 6.418443e-01 3.219730e-01 6.410227e-01 1.128387e+00 6.334245e-01 4.462363e-01 2.406815e-01
<GCONST> 1.257744e+02
<STATE> 5
<MEAN> 39
 -2.398014e+01 -6.346750e+00 -1.619298e+00 -1.043754e+01 7.344472e+00 -6.831591e+00 1.069430e+00 -7.485971e+00 -1.698203e+00 -7.405430e+00 1.880831e+00 -4.935891e+00 7.445112e+01 3.401190e-01 3.198599e-02 7.458147e-02 2.492684e-01 -4.310684e-01 3.954928e-01 -8.710859e-02 4.445190e-01 -1.496373e-01 3.657188e-01 -2.530765e-01 2.179164e-01 -7.134252e-01 1.788341e-01 -1.659944e-02 4.046732e-02 8.172550e-02 2.110104e-02 -3.726461e-02 -8.842810e-02 5.646389e-02 -1.228144e-02 1.694351e-02 -9.300336e-02 1.197635e-04 -9.795911e-02
<VARIANCE> 39
 5.406736e+01 2.513596e+01 1.391115e+01 3.238297e+01 2.951185e+01 3.577349e+01 1.998696e+01 2.428366e+01 2.429484e+01 1.805675e+01 2.664073e+01 1.624567e+01 6.110723e+01 2.744386e+00 1.480635e+00 1.133004e+00 2.143883e+00 2.170340e+00 1.796442e+00 1.151830e+00 1.279579e+00 1.357787e+00 1.627416e+00 1.682785e+00 1.301945e+00 2.229883e+00 2.394538e-01 1.937927e-01 2.117022e-01 3.216242e-01 3.857040e-01 2.891236e-01 2.403298e-01 2.584825e-01 2.829455e-01 3.626192e-01 3.174384e-01 2.368023e-01 2.186440e-01
<GCONST> 1.037180e+02
<TRANSP> 6
 0.000000e+00 1.000000e+00 0.000000e+00 0.000000e+00 0.000000e+00 0.000000e+00
 0.000000e+00 9.512195e-01 4.878049e-02 0.000000e+00 0.000000e+00 0.000000e+00
 0.000000e+00 0.000000e+00 9.431818e-01 5.681818e-02 0.000000e+00 0.000000e+00
 0.000000e+00 0.000000e+00 0.000000e+00 9.421965e-01 5.780346e-02 0.000000e+00
 0.000000e+00 0.000000e+00 0.000000e+00 0.000000e+00 9.500000e-01 5.000000e-02
 0.000000e+00 0.000000e+00 0.000000e+00 0.000000e+00 0.000000e+00 0.000000e+00
<ENDHMM>
