~o
<STREAMINFO> 1 39
<VECSIZE> 39<NULLD><MFCC_D_A_0><DIAGC>
~h "ten"
<BEGINHMM>
<NUMSTATES> 6
<STATE> 2
<MEAN> 39
 -1.073827e+01 -1.091381e+01 2.043859e+00 -1.147932e+01 3.944953e+00 -1.801086e+01 9.661366e+00 -1.138320e+01 4.226074e+00 -2.721495e+00 3.844136e+00 -7.149900e+00 9.342962e+01 7.960892e-01 2.265137e-01 -5.817614e-01 -6.750315e-02 -1.425653e-01 -1.204571e+00 1.710967e-01 -2.523451e-01 -9.169852e-01 3.799414e-02 -3.413672e-01 -4.102538e-01 7.002804e-01 -9.074068e-03 2.448040e-01 -2.334853e-01 1.037953e-01 -2.053449e-01 1.187192e-01 -2.281461e-01 1.396394e-01 -3.356573e-01 -6.315737e-02 -1.614112e-01 1.123871e-01 -4.917949e-01
<VARIANCE> 39
 2.596216e+01 2.264828e+01 2.328188e+01 1.250086e+01 9.813473e+00 4.676066e+01 2.897278e+01 1.438773e+01 4.037392e+01 1.672361e+01 1.890104e+01 1.778985e+01 5.867927e+00 2.128716e+00 4.572462e+00 1.985413e+00 1.885345e+00 1.582286e+00 2.496630e+00 3.837397e+00 2.062888e+00 6.345960e+00 2.251606e+00 3.179309e+00 2.691327e+00 3.404686e+00 4.652959e-01 5.491604e-01 3.637176e-01 5.783474e-01 2.454226e-01 6.124818e-01 4.895528e-01 5.181028e-01 8.808850e-01 4.143754e-01 7.076874e-01 6.547487e-01 1.252963e+00
<GCONST> 1.153190e+02
<STATE> 3
<MEAN> 39
 -5.714175e+00 -2.383973e+00 -4.335211e+00 -1.575967e+01 1.206291e+00 -2.374151e+01 4.482379e+00 -1.334256e+01 -9.980450e+00 -4.508562e+00 8.665259e+00 -5.920164e+00 9.524575e+01 5.560292e-02 1.094539e-01 3.833600e-01 -5.371041e-01 7.047272e-01 7.846230e-02 1.053592e-03 -1.809882e-01 -3.165950e-01 -8.809051e-02 1.784492e+00 3.095335e-01 -2.398955e-01 -8.404644e-02 -1.541616e-01 2.450644e-01 1.811785e-02 3.048193e-01 6.597875e-03 2.378177e-01 -5.408442e-02 2.011820e-01 1.732166e-02 1.084039e-01 -5.322171e-02 -1.881963e-01
<VARIANCE> 39
 2.435705e+00 8.622050e+00 8.098305e+00 1.447414e+01 2.160559e+01 2.107532e+01 3.478336e+01 1.163053e+01 1.633572e+01 1.795385e+01 6.523360e+01 2.791674e+01 4.898957e+00 1.076280e-01 8.058216e-01 1.131838e+00 4.912528e-01 1.906788e+00 1.090242e+00 2.238071e+00 9.467551e-01 1.765814e+00 1.606852e+00 1.688764e+00 1.862607e+00 2.875446e-01 3.814990e-02 1.986639e-01 9.803516e-02 1.157641e-01 2.019818e-01 2.407031e-01 3.013649e-01 1.706070e-01 4.870462e-01 3.187889e-01 6.028932e-01 3.414865e-01 4.038798e-02
<GCONST> 8.377536e+01
<STATE> 4
<MEAN> 39
 -6.550387e+00 3.277432e-01 5.202332e+00 -1.074261e+01 1.420293e+01 -1.646984e+01 4.290583e+00 -1.497747e+01 -1.186769e+01 -7.146280e+00 8.336613e+00 -4.931079e+00 8.068469e+01 6.334897e-02 5.897998e-01 4.228892e-01 1.317942e+00 2.290591e-01 1.192786e+00 -5.314399e-01 4.389159e-01 -2.738907e-01 -1.652968e-01 -1.751781e+00 2.048948e-01 -1.777466e+00 9.236447e-02 5.917761e-03 -1.732093e-01 1.135949e-01 -2.790985e-01 4.760031e-02 -1.299415e-01 1.444972e-01 -5.139545e-02 5.006581e-02 -1.186420e-01 1.164528e-02 -7.862737e-03
<VARIANCE> 39
 1.714327e+01 2.871359e+01 9.028972e+00 3.700766e+01 1.834683e+01 3.947567e+01 2.096310e+01 1.428282e+01 1.902684e+01 1.679333e+01 7.035640e+01 2.443756e+01 4.214829e+01 2.181254e+00 1.684724e+00 1.283145e+00 2.948125e+00 3.241271e+00 2.027966e+00 2.055553e+00 1.758834e+00 2.337954e+00 1.206288e+00 3.060330e+00 1.734682e+00 1.789373e+00 4.471318e-01 3.580982e-01 1.907155e-01 7.034478e-01 4.027232e-01 4.674602e-01 4.233558e-01 2.902582e-01 5.075017e-01 2.154665e-01 7.651175e-01 3.134561e-01 3.532928e-01
<GCONST> 1.097321e+02
<STATE> 5
<MEAN> 39
 -5.338491e+00 2.620548e+00 5.469162e+00 6.521922e-01 5.371457e+00 -6.023169e+00 -3.477288e+00 -7.064302e+00 -1.359056e+01 -7.086101e+00 -3.950718e+00 -6.413176e+00 6.686287e+01 -3.913514e-01 -4.176586e-01 -3.243316e-01 2.941017e-01 -1.084364e+00 7.415980e-01 -3.773440e-01 6.270896e-01 5.424232e-01 2.310027e-01 -2.367180e-01 4.033913e-02 -8.372602e-01 -1.091528e-01 -7.073586e-02 -5.125580e-02 -1.540158e-01 1.764961e-02 -3.865747e-02 9.026233e-02 -5.307371e-02 1.955930e-01 4.514044e-02 9.206580e-02 5.587046e-02 9.235745e-02
<VARIANCE> 39
 8.960105e+00 1.234197e+01 9.830011e+00 1.749291e+01 2.146037e+01 1.916125e+01 1.411001e+01 1.651610e+01 1.867027e+01 2.099061e+01 1.824458e+01 2.198187e+01 9.495893e+00 5.821612e-01 8.950444e-01 1.574275e+00 2.415345e+00 1.021338e+00 1.330880e+00 1.562984e+00 1.636688e+00 1.661384e+00 1.963003e+00 1.601063e+00 2.148418e+00 2.551161e-01 8.976293e-02 1.309885e-01 3.024290e-01 3.462220e-01 2.035935e-01 2.874608e-01 2.659764e-01 3.135135e-01 2.519718e-01 3.754681e-01 2.670756e-01 3.506279e-01 3.385899e-02
<GCONST> 9.006377e+01
<TRANSP> 6
 0.000000e+00 1.000000e+00 0.000000e+00 0.000000e+00 0.000000e+00 0.000000e+00
 0.000000e+00 9.166667e-01 8.333333e-02 0.000000e+00 0.000000e+00 0.000000e+00
 0.000000e+00 0.000000e+00 9.130435e-01 8.695652e-02 0.000000e+00 0.000000e+00
 0.000000e+00 0.000000e+00 0.000000e+00 9.107143e-01 8.928571e-02 0.000000e+00
 0.000000e+00 0.000000e+00 0.000000e+00 0.000000e+00 9.122807e-01 8.771931e-02
 0.000000e+00 0.000000e+00 0.000000e+00 0.000000e+00 0.000000e+00 0.000000e+00
<ENDHMM>
