~o
<STREAMINFO> 1 39
<VECSIZE> 39<NULLD><MFCC_D_A_0><DIAGC>
~h "seven"
<BEGINHMM>
<NUMSTATES> 6
<STATE> 2
<MEAN> 39
 -2.639269e+01 -7.994819e+00 3.044726e+00 -2.050552e+01 1.056332e+01 -1.536588e+01 4.629974e+00 -8.414789e+00 3.885522e+00 -3.612659e+00 1.882632e+00 -4.558613e+00 8.751939e+01 -5.208131e-02 2.461960e-01 4.306353e-02 2.803971e-02 2.651826e-01 -7.992363e-01 -6.453598e-02 -5.365106e-01 -1.731544e-01 -3.843425e-01 6.562991e-02 -1.777469e-01 1.158720e+00 2.492353e-01 1.859158e-01 -1.537359e-01 2.082147e-01 -1.901457e-01 -1.285015e-02 -2.021061e-01 1.874023e-02 -1.722211e-01 -5.016545e-02 -2.305846e-02 6.773489e-02 -1.594135e-01
<VARIANCE> 39
 6.254712e+01 1.777017e+01 1.702274e+01 2.461260e+01 2.788826e+01 3.021904e+01 3.233918e+01 2.028387e+01 1.133308e+01 1.654513e+01 1.265714e+01 1.027851e+01 4.025454e+01 8.329020e+00 2.847583e+00 2.198293e+00 3.315352e+00 2.961912e+00 2.659620e+00 4.484663e+00 3.405992e+00 2.418694e+00 1.946176e+00 1.433789e+00 1.342134e+00 2.887800e+00 6.990473e-01 4.732500e-01 3.855577e-01 4.716886e-01 2.637287e-01 4.751550e-01 4.401017e-01 6.021143e-01 3.553120e-01 3.824955e-01 3.025197e-01 2.930146e-01 2.568528e-01
<GCONST> 1.129615e+02
<STATE> 3
<MEAN> 39
 -6.271526e+00 4.488164e-02 -5.756350e+00 -1.469620e+01 5.854499e-01 -2.333693e+01 -6.307757e+00 -1.556444e+01 -4.163326e+00 -8.609125e+00 1.579031e+00 -2.781742e+00 9.457292e+01 1.179080e+00 1.835955e-01 -8.188246e-01 -2.017124e-01 -4.655277e-01 -5.284195e-01 2.579750e-01 7.190030e-02 -3.524943e-01 -8.122493e-01 2.023448e-01 5.199677e-01 -1.607322e-01 -4.563261e-01 -2.104024e-01 2.824446e-01 -4.809137e-02 4.049894e-01 2.088160e-01 5.529462e-01 1.884109e-01 7.670665e-02 -1.979166e-01 -5.183366e-02 -7.070526e-02 -4.197893e-01
<VARIANCE> 39
 2.830698e+00 5.820967e+00 1.423458e+01 8.922825e+00 8.165255e+00 2.414609e+01 1.234013e+01 2.129866e+01 1.850685e+01 3.874103e+01 1.286785e+01 2.353359e+01 5.214051e+00 1.884350e+00 8.383917e-01 1.313998e+00 8.975289e-01 1.685229e+00 1.717142e+00 2.550268e+00 2.573152e+00 2.874752e+00 4.129330e+00 1.384906e+00 1.939643e+00 1.816801e+00 5.810812e-01 2.631652e-01 1.940270e-01 2.490373e-01 1.239639e-01 4.229433e-01 3.312211e-01 6.858004e-01 8.219510e-01 7.815397e-01 3.100317e-01 3.964695e-01 1.021224e-01
<GCONST> 9.758546e+01
<STATE> 4
<MEAN> 39
 -4.863422e+00 -5.910062e-01 1.673587e-01 -1.410628e+01 7.095836e+00 -2.171991e+01 2.149213e+00 -1.573461e+01 -8.297341e+00 -1.620289e+01 3.887659e+00 -2.842607e+00 8.564966e+01 -9.621863e-02 1.249453e-01 6.209092e-01 3.186771e-01 7.126633e-01 4.171679e-01 1.412018e-01 4.102034e-02 -7.264073e-02 1.993527e-01 1.520609e-01 -5.199756e-02 -6.223355e-01 1.881929e-02 -2.852094e-02 -5.717281e-02 1.251643e-01 -1.469208e-02 7.423422e-02 -1.713033e-01 1.076107e-01 7.104061e-03 1.979025e-01 -1.055995e-01 4.736588e-02 1.947555e-02
<VARIANCE> 39
 1.147711e+01 2.359830e+01 2.426035e+01 2.436438e+01 1.858847e+01 4.323013e+01 2.042112e+01 2.388986e+01 2.407836e+01 4.620758e+01 6.839211e+01 3.162645e+01 3.059080e+01 1.482012e+00 2.193560e+00 1.915065e+00 3.911488e+00 2.158716e+00 5.078658e+00 1.985314e+00 2.225463e+00 2.521338e+00 4.502620e+00 6.021941e+00 4.316821e+00 5.036398e+00 3.638424e-01 4.035406e-01 3.769593e-01 6.260152e-01 3.526050e-01 9.017271e-01 3.809702e-01 4.617648e-01 4.888372e-01 7.386695e-01 9.072999e-01 9.537581e-01 5.956337e-01
<GCONST> 1.211037e+02
<STATE> 5
<MEAN> 39
 -4.722307e+00 8.335904e-01 3.775586e+00 -3.484232e-01 1.059365e+01 -6.639689e+00 -3.791634e+00 -8.688341e+00 -1.011930e+01 -5.330398e+00 -1.008082e+00 -2.944912e+00 6.945339e+01 -4.299495e-01 -3.581536e-01 -3.403214e-01 5.853050e-01 -8.739945e-01 1.096411e+00 -3.248910e-01 5.743294e-01 2.035541e-01 6.995531e-01 -3.764960e-01 -7.090693e-02 -1.083706e+00 -1.196587e-01 -1.489966e-02 -4.087679e-02 -2.171696e-01 -1.605098e-01 -1.230142e-01 1.004641e-01 -8.006364e-02 1.238501e-01 -5.040021e-02 1.934825e-01 -2.467971e-02 9.265233e-02
<VARIANCE> 39
 1.835841e+01 7.035082e+00 8.711501e+00 2.257783e+01 3.187468e+01 4.933262e+01 1.334891e+01 1.820501e+01 3.052708e+01 1.840412e+01 1.977194e+01 1.622379e+01 2.686615e+01 1.725762e+00 7.642297e-01 1.054497e+00 3.227972e+00 1.533237e+00 2.047102e+00 1.696573e+00 1.774765e+00 2.853091e+00 1.184632e+00 2.756991e+00 2.051043e+00 4.894839e-01 2.248394e-01 1.564395e-01 2.213529e-01 4.379619e-01 3.338910e-01 3.715553e-01 3.073986e-01 3.262766e-01 3.800459e-01 2.465951e-01 4.917098e-01 4.032979e-01 1.130243e-01
<GCONST> 9.981657e+01
<TRANSP> 6
 0.000000e+00 1.000000e+00 0.000000e+00 0.000000e+00 0.000000e+00 0.000000e+00
 0.000000e+00 9.492386e-01 5.076142e-02 0.000000e+00 0.000000e+00 0.000000e+00
 0.000000e+00 0.000000e+00 8.837209e-01 1.162791e-01 0.000000e+00 0.000000e+00
 0.000000e+00 0.000000e+00 0.000000e+00 9.481865e-01 5.181347e-02 0.000000e+00
 0.000000e+00 0.000000e+00 0.000000e+00 0.000000e+00 9.328859e-01 6.711410e-02
 0.000000e+00 0.000000e+00 0.000000e+00 0.000000e+00 0.000000e+00 0.000000e+00
<ENDHMM>
