~o
<STREAMINFO> 1 39
<VECSIZE> 39<NULLD><MFCC_D_A_0><DIAGC>
~h "divide"
<BEGINHMM>
<NUMSTATES> 6
<STATE> 2
<MEAN> 39
 -9.672968e+00 3.095493e+00 6.029685e+00 -5.469640e+00 7.181603e+00 -1.784843e+01 -8.536641e+00 -9.690810e+00 -8.694965e+00 -1.570128e+01 -4.705981e+00 -9.354528e+00 8.162199e+01 9.228898e-01 2.857457e-01 -5.484667e-01 -5.694298e-01 -1.969090e-01 -2.073820e-01 8.220589e-02 -1.761361e-01 -8.501971e-01 -2.576812e-01 2.525019e-01 1.111322e-01 4.290204e-01 6.191928e-02 -1.124206e-01 -2.399922e-01 -1.078623e-01 -1.352710e-01 1.564574e-01 1.606720e-01 3.468074e-02 6.661347e-02 2.430500e-01 1.290674e-01 1.087445e-01 -1.840659e-01
<VARIANCE> 39
 3.689795e+01 3.148624e+01 3.584639e+01 5.720428e+01 2.744013e+01 6.713965e+01 4.986998e+01 3.254979e+01 3.573501e+01 2.676976e+01 2.388686e+01 2.006375e+01 1.455338e+01 4.478376e+00 2.814295e+00 3.483701e+00 5.582395e+00 3.293456e+00 8.147175e+00 5.450676e+00 1.941301e+00 3.523811e+00 3.999333e+00 3.114405e+00 2.293961e+00 2.520584e+00 8.660179e-01 3.892678e-01 2.606856e-01 8.228986e-01 3.243815e-01 9.889528e-01 7.435470e-01 3.889053e-01 8.248284e-01 6.452139e-01 4.432634e-01 3.677322e-01 5.950884e-01
<GCONST> 1.257039e+02
<STATE> 3
<MEAN> 39
 -1.362563e+00 -2.144688e+00 -1.663974e+01 -1.875981e+01 4.391649e-01 -1.360747e+01 1.818067e+00 -1.053398e+01 -5.164139e+00 -1.402552e+01 5.422987e+00 -4.515188e+00 8.819813e+01 -1.349648e-01 -2.231381e-01 -3.000033e-01 2.415183e-01 7.156132e-01 -2.665660e-01 -1.682213e-01 1.652687e-01 1.140217e+00 1.136371e-01 5.207668e-01 -2.064050e-01 1.012010e-01 -1.531891e-01 7.247175e-02 2.843569e-01 1.310535e-01 9.521924e-02 -9.322310e-02 -1.578908e-01 5.791791e-02 2.698335e-02 -9.373000e-02 -5.397895e-02 -8.351228e-02 -6.698920e-02
<VARIANCE> 39
 2.548068e+00 7.359584e+00 2.193439e+01 6.341924e+00 3.564712e+01 2.856149e+01 2.510713e+01 3.102984e+01 5.591297e+01 2.411518e+01 3.007730e+01 1.300063e+01 3.668632e+00 2.640356e-01 6.695521e-01 2.314339e+00 6.005806e-01 1.212997e+00 2.250943e+00 1.815559e+00 1.010000e+00 1.212973e+00 1.503848e+00 1.522622e+00 1.032122e+00 1.542093e-01 5.620403e-02 1.175522e-01 1.398766e-01 1.216348e-01 1.891861e-01 2.790411e-01 1.338869e-01 1.679946e-01 2.659255e-01 2.727942e-01 3.389653e-01 1.639026e-01 2.786908e-02
<GCONST> 8.207027e+01
<STATE> 4
<MEAN> 39
 -9.796757e+00 -2.691526e+00 2.588310e+00 -7.883062e+00 1.081953e+01 -2.887712e+01 -1.246022e+01 -5.633284e+00 1.345802e+00 -1.497877e+01 9.826715e+00 -7.020525e+00 8.565697e+01 -6.424688e-01 4.261115e-01 2.107710e+00 1.173567e+00 2.948577e-01 -2.014713e-01 -3.838378e-01 -6.337141e-02 -1.143596e+00 -4.676339e-01 -1.180983e+00 1.195374e-01 -1.169064e+00 1.665664e-01 3.255995e-02 -5.108406e-01 -1.901067e-01 -1.474701e-01 6.873007e-01 4.084975e-01 -1.167468e-01 -1.404256e-01 1.993854e-01 -1.939667e-01 1.671254e-01 -3.576395e-01
<VARIANCE> 39
 7.328047e+00 1.709405e+01 6.753056e+01 1.963250e+01 1.332143e+01 1.969209e+01 2.320979e+01 2.319795e+01 3.288491e+01 1.799135e+01 2.336197e+01 1.180750e+01 1.337691e+01 5.221584e-01 9.593412e-01 3.216262e+00 8.074807e-01 1.143422e+00 5.561444e+00 4.228185e+00 1.613905e+00 1.707298e+00 1.608998e+00 1.792560e+00 9.745737e-01 1.679057e+00 3.281183e-02 2.358163e-01 4.672332e-01 1.729860e-01 4.115911e-01 3.164230e-01 3.493905e-01 2.816745e-01 3.409873e-01 5.184520e-01 2.585872e-01 2.373918e-01 1.140096e-01
<GCONST> 9.784299e+01
<STATE> 5
<MEAN> 39
 -1.628678e+01 -6.398108e+00 1.561675e+00 -9.570538e+00 1.406557e+00 -1.187650e+01 -6.875547e+00 -7.895841e+00 -2.432521e+00 -5.113140e+00 3.961866e-01 -3.556777e+00 7.178408e+01 -3.299808e-01 -4.958250e-01 -3.685573e-01 -2.812050e-01 -6.657017e-01 9.421604e-01 1.602222e-01 2.794880e-01 2.415402e-01 9.592259e-01 -9.864299e-02 2.114245e-01 -7.069743e-01 -2.017805e-02 2.445976e-02 1.183404e-01 7.370717e-02 3.900294e-02 -1.625089e-01 -1.001672e-01 5.501937e-02 2.076636e-02 -8.193857e-02 1.759800e-02 -2.775755e-02 1.063565e-01
<VARIANCE> 39
 3.859730e+01 2.488981e+01 1.739222e+01 2.616117e+01 2.754755e+01 2.988522e+01 2.071520e+01 1.935073e+01 2.130023e+01 3.576542e+01 2.231219e+01 2.316587e+01 7.490172e+01 4.333071e+00 1.849218e+00 3.988075e+00 3.275434e+00 2.960757e+00 5.745558e+00 3.055551e+00 2.556593e+00 1.944035e+00 4.740487e+00 2.196854e+00 2.823952e+00 1.309275e+01 8.594610e-01 3.632443e-01 7.533999e-01 6.727795e-01 5.062891e-01 8.709288e-01 7.421824e-01 4.379217e-01 3.988355e-01 7.983594e-01 4.918504e-01 5.329969e-01 2.279229e+00
<GCONST> 1.252844e+02
<TRANSP> 6
 0.000000e+00 1.000000e+00 0.000000e+00 0.000000e+00 0.000000e+00 0.000000e+00
 0.000000e+00 9.459459e-01 5.405406e-02 0.000000e+00 0.000000e+00 0.000000e+00
 0.000000e+00 0.000000e+00 9.444444e-01 5.555555e-02 0.000000e+00 0.000000e+00
 0.000000e+00 0.000000e+00 0.000000e+00 9.019608e-01 9.803922e-02 0.000000e+00
 0.000000e+00 0.000000e+00 0.000000e+00 0.000000e+00 9.447514e-01 5.524862e-02
 0.000000e+00 0.000000e+00 0.000000e+00 0.000000e+00 0.000000e+00 0.000000e+00
<ENDHMM>
