~o
<STREAMINFO> 1 39
<VECSIZE> 39<NULLD><MFCC_D_A_0><DIAGC>
~h "three"
<BEGINHMM>
<NUMSTATES> 6
<STATE> 2
<MEAN> 39
 -1.753621e+01 -8.204467e+00 -1.451415e-02 -1.274889e+01 6.572317e-01 -1.015135e+01 -3.384344e+00 -8.450894e+00 1.406254e+00 -7.180168e+00 1.848965e+00 -6.671594e+00 8.593502e+01 1.199300e+00 1.744505e+00 6.701702e-01 4.805568e-01 1.438662e+00 -2.590088e+00 -1.222183e+00 -2.001681e+00 -1.534101e+00 -7.854046e-01 -8.503528e-01 -9.930345e-01 3.509469e+00 7.601894e-01 1.167098e+00 1.365690e-02 1.304171e+00 5.973402e-01 -1.386345e-01 -1.078876e-02 -1.914674e-02 -9.234247e-01 2.043570e-01 -6.776235e-01 4.415208e-01 -1.767718e+00
<VARIANCE> 39
 6.187500e+00 2.634748e+01 9.897732e+00 3.686220e+01 3.049913e+01 1.350373e+01 1.729338e+01 1.635831e+01 2.350563e+01 3.091076e+01 1.573293e+01 2.273698e+01 1.076565e+02 3.488196e+00 8.747799e+00 1.319467e+00 1.193284e+01 3.391893e+00 2.316815e+00 1.140063e+00 2.252130e+00 7.634080e+00 3.357751e+00 3.530982e+00 2.444302e+00 2.199734e+01 2.783202e-01 6.362206e-01 2.445347e-01 1.016641e+00 5.047774e-01 3.581595e-01 4.035870e-01 2.786327e-01 6.662328e-01 7.890790e-01 3.649364e-01 5.360153e-01 2.319964e+00
<GCONST> 1.207010e+02
<STATE> 3
<MEAN> 39
 -3.868279e+00 8.003462e+00 -6.816472e+00 -9.387736e+00 1.372455e+01 -2.152591e+01 -1.098557e+00 -1.686252e+01 -1.112111e+01 -1.084229e+01 -7.876967e+00 -2.707684e+00 8.624210e+01 3.900164e-01 2.358218e-01 -5.612420e-01 3.266433e-01 1.957452e-01 -5.445012e-01 -3.496736e-02 -2.604658e-01 1.674018e-01 -2.671969e-02 -2.759259e-02 -3.894138e-02 9.974412e-02 -1.933774e-01 -2.106831e-01 7.249405e-02 -1.524288e-02 -1.781700e-01 7.971235e-02 -2.551163e-03 1.713085e-01 2.299843e-01 -2.788995e-02 1.098677e-01 -1.119671e-01 4.374091e-02
<VARIANCE> 39
 7.570797e+00 1.203584e+01 3.547721e+01 4.438474e+01 2.999864e+01 3.532766e+01 4.031119e+01 2.304998e+01 3.231690e+01 2.189996e+01 2.570538e+01 2.132466e+01 1.497365e+01 1.233453e+00 2.030097e+00 1.214030e+00 4.052762e+00 4.280067e+00 3.749138e+00 3.867929e+00 2.437852e+00 3.367965e+00 2.473199e+00 2.592272e+00 2.290166e+00 7.397105e-01 1.223942e-01 2.281866e-01 2.457899e-01 5.428532e-01 7.392344e-01 8.057188e-01 5.983285e-01 5.115997e-01 4.884484e-01 5.330009e-01 3.471566e-01 3.192203e-01 1.303314e-01
<GCONST> 1.111787e+02
<STATE> 4
<MEAN> 39
 -1.033438e+01 2.654380e+00 5.842257e+00 2.536378e+00 5.653558e+00 -2.955354e+01 -7.207165e+00 -7.995416e+00 -2.761950e+00 -1.845771e+01 -6.531145e-01 -8.284815e+00 8.821183e+01 -6.679107e-01 7.250286e-02 1.988374e+00 2.552811e-01 -1.512693e-01 -1.619049e-01 4.001398e-01 1.012629e+00 -1.719764e-01 -9.774356e-01 1.852569e-01 4.941675e-02 -5.789338e-01 3.990776e-02 3.699321e-02 -4.739558e-02 -1.263264e-01 1.132498e-01 1.819971e-01 1.868842e-01 -9.682722e-02 -1.083789e-01 1.071849e-01 -4.340381e-02 1.185455e-01 -1.190611e-01
<VARIANCE> 39
 7.967565e+00 1.990915e+01 8.854346e+01 8.653139e+00 1.268530e+01 2.608565e+01 1.615481e+01 4.394446e+01 2.389562e+01 4.283835e+01 1.385275e+01 1.881063e+01 1.356775e+01 2.367285e-01 1.053027e+00 1.171042e+00 7.413239e-01 1.358392e+00 2.768356e+00 1.335763e+00 2.039557e+00 1.318636e+00 2.032888e+00 9.332748e-01 2.001595e+00 6.162865e-01 3.809379e-02 1.726219e-01 2.459719e-01 1.601724e-01 1.753749e-01 6.662549e-01 1.592956e-01 3.076491e-01 2.997057e-01 4.090198e-01 2.200779e-01 4.413267e-01 5.248640e-02
<GCONST> 9.197800e+01
<STATE> 5
<MEAN> 39
 -1.504753e+01 -5.347599e-01 1.411846e+01 9.340540e-01 4.663435e+00 -1.610807e+01 9.456553e-01 -2.132836e+00 -5.179767e+00 -1.290166e+01 -1.749554e+00 -5.276774e+00 7.135648e+01 1.498736e-01 -6.882306e-01 -1.391531e+00 -4.650439e-01 -5.855454e-01 2.051301e+00 2.691014e-02 2.500156e-01 3.499901e-02 1.467112e+00 -1.654359e-01 5.137626e-01 -1.413569e+00 5.399121e-02 1.427061e-03 -1.619835e-01 -7.281116e-02 -7.500072e-02 -3.224237e-02 -1.137220e-01 6.227433e-03 4.401079e-02 2.093089e-03 2.827971e-02 4.439039e-02 7.058100e-02
<VARIANCE> 39
 5.675630e+00 2.893032e+01 8.478059e+01 2.612767e+01 2.786905e+01 1.176888e+02 2.617807e+01 2.976467e+01 2.330434e+01 7.015712e+01 1.316498e+01 2.113246e+01 5.718219e+01 9.543537e-01 1.542683e+00 6.859656e+00 2.458784e+00 1.979985e+00 5.370940e+00 2.556199e+00 1.808855e+00 2.184831e+00 2.898788e+00 1.572034e+00 2.001714e+00 8.681835e-01 1.264211e-01 3.193999e-01 1.236009e+00 4.764470e-01 4.343129e-01 1.042561e+00 4.399414e-01 2.622948e-01 4.434425e-01 5.402344e-01 3.097513e-01 4.357957e-01 1.490273e-01
<GCONST> 1.142416e+02
<TRANSP> 6
 0.000000e+00 1.000000e+00 0.000000e+00 0.000000e+00 0.000000e+00 0.000000e+00
 0.000000e+00 7.368634e-01 2.631367e-01 0.000000e+00 0.000000e+00 0.000000e+00
 0.000000e+00 0.000000e+00 9.515758e-01 4.842426e-02 0.000000e+00 0.000000e+00
 0.000000e+00 0.000000e+00 0.000000e+00 9.313195e-01 6.868049e-02 0.000000e+00
 0.000000e+00 0.000000e+00 0.000000e+00 0.000000e+00 9.258631e-01 7.413688e-02
 0.000000e+00 0.000000e+00 0.000000e+00 0.000000e+00 0.000000e+00 0.000000e+00
<ENDHMM>
