~o
<STREAMINFO> 1 39
<VECSIZE> 39<NULLD><MFCC_D_A_0><DIAGC>
~h "zero"
<BEGINHMM>
<NUMSTATES> 6
<STATE> 2
<MEAN> 39
 -2.529340e+01 -8.345632e+00 1.008128e+01 -1.912563e+01 1.164128e+01 -1.575105e+01 -4.548476e-01 -1.197517e+01 2.033251e+00 -8.311859e+00 1.080488e-01 -8.781672e+00 8.148515e+01 1.378732e+00 2.068716e-01 3.203824e-01 8.041991e-01 1.155249e-01 -1.739818e+00 -9.953488e-01 -9.880115e-01 -9.276244e-01 -6.225762e-01 -6.399440e-01 -7.557130e-01 1.600475e+00 5.395297e-01 1.671966e-01 -2.960456e-01 4.944156e-01 -3.906817e-01 -6.184134e-02 -2.255300e-01 1.311601e-01 -3.310330e-01 6.623884e-02 -1.520577e-01 1.464798e-01 -2.904769e-01
<VARIANCE> 39
 8.405606e+01 3.503965e+01 3.451661e+01 4.574131e+01 2.005588e+01 3.180523e+01 4.576953e+01 2.452081e+01 3.467101e+01 2.087070e+01 3.875377e+01 2.316149e+01 2.588645e+01 1.070907e+01 6.298599e+00 4.949852e+00 8.265256e+00 3.907357e+00 5.162701e+00 4.184059e+00 2.637779e+00 4.657157e+00 2.444088e+00 5.111125e+00 2.774148e+00 2.810788e+00 1.210812e+00 1.012650e+00 1.366958e+00 1.160754e+00 7.384149e-01 8.974707e-01 7.655811e-01 5.609744e-01 6.531489e-01 5.764403e-01 8.108890e-01 5.685207e-01 2.476975e-01
<GCONST> 1.328564e+02
<STATE> 3
<MEAN> 39
 -4.178574e+00 -2.668323e+00 4.235291e+00 -7.066913e+00 7.230034e+00 -3.375504e+01 -6.272842e+00 -1.985666e+01 -8.235854e+00 -1.076240e+01 -5.651671e+00 -1.084614e+01 8.657442e+01 5.870010e-01 1.478021e-01 -1.477187e+00 -1.922882e-01 2.711180e-01 -1.918474e-01 4.323398e-01 -2.874702e-01 -5.545299e-02 2.870522e-01 3.290357e-01 1.215600e-01 -1.499745e-01 -8.274285e-02 2.216868e-02 -3.295328e-02 -2.075186e-01 1.815526e-01 3.278755e-01 -1.322906e-02 5.034837e-02 7.576030e-02 -2.241408e-02 4.852453e-02 -2.210849e-02 -7.855356e-02
<VARIANCE> 39
 9.739113e+00 5.408650e+00 6.207244e+01 1.128964e+01 1.098781e+01 1.365053e+01 2.729816e+01 1.646595e+01 1.779121e+01 1.787777e+01 1.463652e+01 1.456026e+01 2.696477e+00 1.568997e-01 7.957145e-01 1.382048e+00 9.634089e-01 1.287967e+00 1.988765e+00 1.456495e+00 1.012885e+00 1.001690e+00 1.351912e+00 7.484254e-01 8.645746e-01 2.225410e-01 9.128835e-02 1.423214e-01 1.995580e-01 2.168980e-01 1.113049e-01 2.469236e-01 3.052386e-01 2.225934e-01 2.467729e-01 2.302814e-01 1.524610e-01 1.449882e-01 1.162231e-02
<GCONST> 7.842744e+01
<STATE> 4
<MEAN> 39
 3.191547e+00 4.728686e+00 -1.012139e+01 -2.133883e+01 1.686273e+01 -2.248577e+01 -5.142889e+00 -1.304240e+01 -1.019799e+01 -1.204065e+01 -8.073334e-01 -1.967857e+00 8.097212e+01 1.085960e-01 8.838446e-02 3.814258e-01 -7.067097e-01 -6.984747e-01 5.442072e-01 1.910792e-01 1.050363e+00 2.807372e-01 -7.868913e-01 -6.234784e-02 7.716704e-01 -2.149766e-01 -4.222184e-02 -4.301792e-02 1.310757e-01 1.192854e-01 -2.596526e-01 -7.652791e-02 1.052769e-01 3.064278e-02 3.864638e-02 -2.569866e-02 -8.608644e-02 -5.477401e-02 -2.153096e-02
<VARIANCE> 39
 3.044532e+00 9.474380e+00 9.039342e+00 2.986799e+01 4.703981e+01 2.076262e+01 3.236062e+01 7.043700e+01 2.868551e+01 3.232514e+01 2.907847e+01 4.262778e+01 3.635230e+00 1.593384e-01 9.312374e-01 5.609579e-01 1.507162e+00 4.479185e+00 1.603749e+00 3.418651e+00 2.537326e+00 1.361495e+00 1.641720e+00 2.553937e+00 1.148884e+00 2.711098e-01 1.835794e-02 1.023146e-01 7.670454e-02 1.504175e-01 2.652024e-01 2.275665e-01 5.975355e-01 4.694218e-01 1.811146e-01 2.819558e-01 4.425797e-01 2.556263e-01 3.737496e-02
<GCONST> 8.987173e+01
<STATE> 5
<MEAN> 39
 -1.349280e+00 3.516588e+00 -1.623014e+00 -1.606676e+01 -9.219763e+00 -1.065938e+01 2.026158e+00 1.704618e+00 -5.181446e+00 -1.411548e+01 -7.899702e+00 -3.847007e+00 6.969353e+01 -6.503922e-01 -2.620666e-01 1.997771e-02 6.978284e-01 -4.361666e-01 8.841808e-01 2.360264e-02 3.524162e-01 1.720002e-01 1.023618e+00 -2.038842e-02 -4.128670e-01 -8.665268e-01 -2.845092e-02 -4.346355e-02 -4.595346e-02 3.385834e-02 1.929725e-01 -1.695983e-02 -7.632525e-02 -1.004439e-01 -1.411992e-02 8.430684e-02 7.500740e-02 5.001504e-02 2.706654e-02
<VARIANCE> 39
 2.084282e+01 2.091673e+01 1.696157e+01 2.290986e+01 2.035949e+01 6.034254e+01 2.322995e+01 2.287641e+01 1.894968e+01 6.913606e+01 2.443470e+01 2.578728e+01 2.549181e+01 6.154675e-01 1.301580e+00 1.213233e+00 1.077182e+00 2.301821e+00 1.808059e+00 1.473506e+00 1.938198e+00 2.106243e+00 1.833869e+00 2.278650e+00 1.941230e+00 2.281235e-01 8.571225e-02 1.425994e-01 1.301584e-01 1.934717e-01 2.392934e-01 3.203804e-01 2.630453e-01 3.701929e-01 4.220518e-01 2.877499e-01 3.523822e-01 2.609185e-01 3.147978e-02
<GCONST> 9.691325e+01
<TRANSP> 6
 0.000000e+00 1.000000e+00 0.000000e+00 0.000000e+00 0.000000e+00 0.000000e+00
 0.000000e+00 9.114247e-01 8.857534e-02 0.000000e+00 0.000000e+00 0.000000e+00
 0.000000e+00 0.000000e+00 9.375634e-01 6.243657e-02 0.000000e+00 0.000000e+00
 0.000000e+00 0.000000e+00 0.000000e+00 9.450006e-01 5.499941e-02 0.000000e+00
 0.000000e+00 0.000000e+00 0.000000e+00 0.000000e+00 9.482186e-01 5.178147e-02
 0.000000e+00 0.000000e+00 0.000000e+00 0.000000e+00 0.000000e+00 0.000000e+00
<ENDHMM>
