~o
<STREAMINFO> 1 39
<VECSIZE> 39<NULLD><MFCC_D_A_0><DIAGC>
~h "five"
<BEGINHMM>
<NUMSTATES> 6
<STATE> 2
<MEAN> 39
 -1.959479e+01 -7.709515e+00 -5.313364e+00 -1.283681e+01 3.335878e+00 -9.712281e+00 2.052461e+00 -7.637452e+00 -5.031646e-01 -7.710251e+00 3.292949e+00 -5.474352e+00 8.271336e+01 6.687273e-01 2.178716e-01 -1.988939e-01 -4.207313e-01 -5.288118e-01 -5.688650e-01 1.200309e-01 3.283455e-02 -1.508789e-01 -6.241213e-01 -3.042400e-01 1.573405e-01 1.212436e+00 7.769474e-02 2.550485e-02 7.512561e-03 2.789677e-02 -5.767352e-02 1.173469e-02 -5.041754e-02 9.783938e-02 3.547210e-02 -9.785678e-03 -7.815272e-03 4.467068e-02 -5.506847e-02
<VARIANCE> 39
 8.355477e+01 3.363336e+01 1.637002e+01 1.646956e+01 3.479205e+01 2.994769e+01 2.293530e+01 1.929379e+01 2.568883e+01 3.177759e+01 2.213062e+01 1.597569e+01 5.655723e+01 6.255757e+00 3.308783e+00 1.928177e+00 1.026136e+00 2.933395e+00 2.492390e+00 2.454040e+00 2.016183e+00 2.691636e+00 2.617463e+00 2.776548e+00 1.459189e+00 1.526498e+00 7.326804e-01 6.704950e-01 3.568344e-01 2.210613e-01 4.951712e-01 5.589696e-01 4.711551e-01 4.061036e-01 5.497506e-01 4.735281e-01 6.008828e-01 2.612475e-01 2.372813e-01
<GCONST> 1.151150e+02
<STATE> 3
<MEAN> 39
 -3.596479e+00 -4.292616e+00 -9.870345e+00 -1.683501e+01 -1.869459e+00 -1.198738e+01 1.991552e+00 -2.940571e+00 -1.915686e-01 -1.542429e+01 5.126879e-01 1.174495e-02 9.331013e+01 -2.505833e-01 -2.588122e-01 1.085513e-01 1.889901e-01 7.838465e-01 -4.036750e-01 -3.740499e-01 5.223402e-02 7.109182e-01 1.990035e-01 4.800370e-01 -1.801418e-01 4.819158e-02 -7.573000e-02 5.565951e-02 1.901745e-01 7.949053e-02 8.680782e-02 -2.191504e-01 -7.721719e-02 -6.209618e-02 1.089607e-02 4.551825e-02 -1.726264e-02 -9.702442e-02 -1.066558e-01
<VARIANCE> 39
 7.471139e+00 1.252520e+01 9.628437e+00 1.592762e+01 3.354444e+01 3.965888e+01 2.236833e+01 1.870339e+01 2.529874e+01 4.337831e+01 2.433031e+01 1.435370e+01 7.259888e+00 3.319723e-01 6.467884e-01 1.020364e+00 1.510330e+00 1.606178e+00 4.679129e+00 1.882682e+00 1.470759e+00 1.990118e+00 1.992302e+00 1.178223e+00 1.274405e+00 2.960292e-01 6.529514e-02 1.281618e-01 1.125043e-01 2.991453e-01 3.423298e-01 4.100146e-01 2.744401e-01 2.480313e-01 3.850433e-01 4.194930e-01 2.208361e-01 1.975803e-01 6.820307e-02
<GCONST> 9.134729e+01
<STATE> 4
<MEAN> 39
 -1.091917e+01 -3.963652e+00 5.441353e+00 -6.760632e+00 1.017164e+01 -2.966253e+01 -8.465161e+00 -6.156670e+00 2.537784e+00 -1.397964e+01 -2.938883e-01 -6.317414e+00 8.300139e+01 -4.794680e-01 -1.042490e-01 3.644116e-01 4.016325e-01 2.171662e-01 7.671959e-01 -4.281918e-02 -2.163441e-01 -5.602534e-01 3.063938e-01 -5.062414e-01 -1.860977e-01 -1.231370e+00 -1.554248e-01 3.205714e-03 -2.236020e-01 -1.499785e-01 -1.401002e-01 3.727866e-01 2.668104e-01 -2.552250e-02 -5.429830e-02 -2.488955e-02 1.129038e-01 1.046742e-01 9.969637e-02
<VARIANCE> 39
 1.394590e+01 2.965713e+01 4.768782e+01 3.183498e+01 3.396865e+01 8.631007e+01 2.171867e+01 1.956111e+01 4.817281e+01 5.257819e+01 5.601139e+01 2.748541e+01 5.677218e+01 1.807512e+00 2.348192e+00 5.238411e+00 2.228794e+00 2.796908e+00 1.016796e+01 3.513658e+00 1.494680e+00 2.776821e+00 5.829621e+00 3.259328e+00 2.095855e+00 1.105991e+00 4.680921e-01 4.228236e-01 5.411549e-01 2.834394e-01 5.244410e-01 1.145473e+00 6.000528e-01 3.079869e-01 6.643301e-01 1.154557e+00 6.163131e-01 4.693339e-01 2.412924e-01
<GCONST> 1.233735e+02
<STATE> 5
<MEAN> 39
 -2.364401e+01 -6.306407e+00 -1.587607e+00 -1.041111e+01 7.699734e+00 -7.212605e+00 9.300108e-01 -7.570364e+00 -1.647392e+00 -7.586789e+00 1.815918e+00 -5.249550e+00 7.438586e+01 3.553148e-02 9.416620e-02 6.476359e-03 1.750671e-01 -4.479000e-01 3.881635e-01 1.168186e-01 2.983134e-01 -9.247295e-02 2.473601e-01 -4.754354e-02 1.987828e-01 -5.712221e-01 1.693871e-01 -6.479231e-03 4.920536e-02 1.162687e-01 1.743778e-03 -6.847924e-02 -1.296181e-01 4.800811e-02 -1.082926e-02 1.525196e-02 -1.104916e-01 9.424651e-03 -7.055827e-02
<VARIANCE> 39
 5.272693e+01 2.544531e+01 1.346103e+01 3.111429e+01 3.004404e+01 3.632793e+01 2.019882e+01 2.667544e+01 2.352024e+01 2.017379e+01 2.627030e+01 1.758333e+01 5.822161e+01 3.769393e+00 1.548369e+00 1.290037e+00 2.329652e+00 2.354651e+00 1.945648e+00 1.732537e+00 1.634824e+00 1.535979e+00 1.913707e+00 2.327834e+00 1.376752e+00 2.355379e+00 2.509938e-01 2.044384e-01 2.135565e-01 3.315488e-01 3.860514e-01 3.961227e-01 2.661232e-01 2.739946e-01 2.929626e-01 4.014258e-01 3.447478e-01 2.369738e-01 2.273159e-01
<GCONST> 1.068495e+02
<TRANSP> 6
 0.000000e+00 1.000000e+00 0.000000e+00 0.000000e+00 0.000000e+00 0.000000e+00
 0.000000e+00 9.514199e-01 4.858003e-02 0.000000e+00 0.000000e+00 0.000000e+00
 0.000000e+00 0.000000e+00 9.428279e-01 5.717208e-02 0.000000e+00 0.000000e+00
 0.000000e+00 0.000000e+00 0.000000e+00 9.361662e-01 6.383383e-02 0.000000e+00
 0.000000e+00 0.000000e+00 0.000000e+00 0.000000e+00 9.538293e-01 4.617069e-02
 0.000000e+00 0.000000e+00 0.000000e+00 0.000000e+00 0.000000e+00 0.000000e+00
<ENDHMM>
