~o
<STREAMINFO> 1 39
<VECSIZE> 39<NULLD><MFCC_D_A_0><DIAGC>
~h "nine"
<BEGINHMM>
<NUMSTATES> 6
<STATE> 2
<MEAN> 39
 -3.250698e+00 6.732204e+00 5.822643e+00 -6.120672e+00 1.271911e+01 -1.571245e+01 3.187191e+00 -1.227999e+01 -1.553834e+01 -5.822810e+00 -5.405368e+00 -3.578140e+00 7.693816e+01 5.094894e-01 -3.680641e-01 -4.729469e-01 -1.834293e+00 -6.629413e-01 -1.524704e+00 1.196082e+00 -3.167020e-01 2.182144e-01 -5.324042e-01 1.509979e+00 7.126462e-02 2.780971e+00 -2.958065e-01 -4.306004e-01 -4.808331e-01 -2.224061e-01 -3.552471e-01 1.655433e-01 9.089982e-02 4.123659e-01 3.516448e-01 -2.784598e-02 2.750388e-01 1.353343e-01 7.131880e-03
<VARIANCE> 39
 9.106186e+00 1.906404e+01 1.106612e+01 4.888399e+01 5.084337e+01 3.067708e+01 4.261470e+01 2.639056e+01 3.809485e+01 1.569795e+01 5.015542e+01 2.000283e+01 6.884847e+01 2.860207e+00 4.321684e+00 3.040410e+00 2.428619e+00 7.999827e+00 3.730850e+00 3.016829e+00 3.905277e+00 5.759139e+00 1.295131e+00 4.896628e+00 2.131517e+00 2.268465e+00 3.066450e-01 5.519613e-01 2.970823e-01 4.818763e-01 1.280988e+00 9.052015e-01 6.242202e-01 5.362549e-01 8.453321e-01 2.412644e-01 8.660555e-01 4.513430e-01 5.809530e-01
<GCONST> 1.228528e+02
<STATE> 3
<MEAN> 39
 -4.088738e+00 -1.593001e+00 -7.229163e+00 -2.017664e+01 7.498825e+00 -1.873977e+01 1.025344e+01 -6.457727e+00 -2.001472e+00 -1.693062e+01 5.929502e+00 2.630308e+00 9.296957e+01 -6.351202e-02 -2.308220e-01 -2.011661e-01 -7.179245e-02 6.016201e-01 -1.314110e-02 -3.517272e-01 1.681082e-01 7.828722e-01 -4.292790e-01 3.441824e-01 -2.706009e-02 -2.833342e-02 -3.980000e-02 4.373387e-02 2.255384e-01 1.609073e-01 7.462717e-02 -9.209319e-02 -1.101142e-01 -7.037351e-02 1.327581e-02 8.116243e-02 -5.253595e-02 -1.580206e-01 -1.323881e-01
<VARIANCE> 39
 2.439147e+00 6.493009e+00 1.605290e+01 8.817049e+00 2.203642e+01 2.270805e+01 1.567860e+01 1.046800e+01 3.701915e+01 3.694986e+01 2.280954e+01 2.025833e+01 2.934588e+00 2.055607e-01 4.702367e-01 1.548403e+00 7.716070e-01 1.269459e+00 2.895603e+00 1.148603e+00 1.045023e+00 1.492663e+00 2.553141e+00 1.892840e+00 2.423473e+00 2.602283e-01 3.218617e-02 8.769441e-02 1.415502e-01 2.095548e-01 2.698518e-01 4.832460e-01 1.492637e-01 1.719628e-01 2.830805e-01 3.548186e-01 4.416444e-01 2.546149e-01 1.165904e-01
<GCONST> 8.426213e+01
<STATE> 4
<MEAN> 39
 -1.021320e+01 -3.592867e+00 7.789015e+00 -1.062265e+01 1.368576e+01 -3.397393e+01 -1.089345e+00 -5.302633e+00 6.874330e+00 -1.602086e+01 8.176677e+00 -7.647148e+00 8.745345e+01 -5.333418e-01 1.550206e-02 1.782976e+00 1.203738e+00 -1.758536e-01 -1.121683e+00 -3.942678e-01 3.430266e-01 -4.672300e-01 -1.155465e-01 -1.001607e+00 -2.629098e-01 -8.142012e-01 8.384753e-03 -2.660573e-02 -5.536884e-02 -3.296588e-02 -4.988646e-02 2.736004e-01 1.360311e-01 4.707139e-02 -2.101974e-01 -5.615013e-02 -8.795020e-02 1.882087e-01 -7.279737e-02
<VARIANCE> 39
 7.991119e+00 5.548848e+00 5.928833e+01 2.786344e+01 1.089111e+01 3.186376e+01 1.009532e+01 1.478994e+01 2.069538e+01 1.050042e+01 3.002582e+01 1.660261e+01 1.373314e+01 2.045087e-01 4.880663e-01 4.851556e-01 5.528121e-01 7.775652e-01 1.797637e+00 1.172018e+00 1.238042e+00 1.691665e+00 1.243188e+00 1.104492e+00 1.621394e+00 2.119800e-01 3.372626e-02 6.592129e-02 6.993752e-02 8.083354e-02 1.440656e-01 1.812890e-01 1.481496e-01 1.996671e-01 1.735680e-01 2.192385e-01 2.323655e-01 1.840572e-01 1.729397e-02
<GCONST> 7.588033e+01
<STATE> 5
<MEAN> 39
 -1.526597e+01 -8.113850e+00 1.586846e+01 -2.190874e+00 4.766126e+00 -2.672808e+01 -1.150168e+00 3.064373e+00 -6.597562e+00 -1.330601e+01 -4.164373e-01 -1.168750e+00 7.276255e+01 1.929681e-02 -1.907881e-01 -1.100349e+00 4.954554e-01 -1.218704e+00 1.986812e+00 -3.325364e-02 5.916512e-01 -5.607166e-01 8.057462e-01 -2.151391e-01 5.054572e-01 -1.387486e+00 6.857898e-02 9.286582e-02 -2.119219e-01 -8.954248e-02 -3.089689e-02 8.466123e-02 -2.592091e-02 -1.367508e-01 1.984606e-01 4.859267e-02 2.304322e-02 -6.274387e-02 1.582548e-02
<VARIANCE> 39
 1.441615e+01 2.576512e+01 4.536994e+01 1.788985e+01 6.076308e+01 9.087144e+01 2.145778e+01 3.542098e+01 4.076079e+01 3.061042e+01 1.697044e+01 3.347123e+01 3.175451e+01 8.538199e-01 1.312363e+00 2.233798e+00 1.281574e+00 2.693261e+00 1.863443e+00 1.829829e+00 2.398170e+00 2.895490e+00 2.004943e+00 1.405411e+00 1.783306e+00 4.067639e-01 1.205111e-01 1.407679e-01 1.998713e-01 3.085023e-01 5.565779e-01 3.033246e-01 3.909871e-01 3.922850e-01 4.049401e-01 3.760698e-01 2.568453e-01 3.164048e-01 4.821872e-02
<GCONST> 1.045680e+02
<TRANSP> 6
 0.000000e+00 1.000000e+00 0.000000e+00 0.000000e+00 0.000000e+00 0.000000e+00
 0.000000e+00 8.967022e-01 1.032977e-01 0.000000e+00 0.000000e+00 0.000000e+00
 0.000000e+00 0.000000e+00 9.470717e-01 5.292828e-02 0.000000e+00 0.000000e+00
 0.000000e+00 0.000000e+00 0.000000e+00 9.210560e-01 7.894398e-02 0.000000e+00
 0.000000e+00 0.000000e+00 0.000000e+00 0.000000e+00 9.222311e-01 7.776884e-02
 0.000000e+00 0.000000e+00 0.000000e+00 0.000000e+00 0.000000e+00 0.000000e+00
<ENDHMM>
