~o
<STREAMINFO> 1 39
<VECSIZE> 39<NULLD><MFCC_D_A_0><DIAGC>
~h "six"
<BEGINHMM>
<NUMSTATES> 6
<STATE> 2
<MEAN> 39
 -3.054922e+01 -5.336248e+00 3.619084e+00 -1.631831e+01 7.357646e+00 -1.063803e+01 2.792065e+00 -7.349725e+00 2.465177e+00 -2.808179e+00 1.640658e+00 -4.340986e+00 8.660567e+01 -2.036450e-01 2.127806e-01 9.177682e-02 -3.068607e-01 1.965574e-01 -8.017980e-01 -1.713618e-01 -3.636721e-01 -1.091731e-01 -3.172766e-01 -9.046356e-02 -2.780926e-01 1.116109e+00 3.912767e-01 1.237907e-01 -1.024714e-01 2.503066e-01 -1.260054e-01 -1.181576e-01 -2.156532e-01 -4.607686e-02 -1.556648e-01 -5.333061e-02 -9.726101e-02 -8.162838e-02 -1.588715e-01
<VARIANCE> 39
 6.336098e+01 1.676069e+01 2.726804e+01 1.814514e+01 2.492154e+01 2.059349e+01 2.415148e+01 2.367694e+01 1.982959e+01 1.809965e+01 1.133428e+01 1.067644e+01 4.404097e+01 7.659070e+00 1.526487e+00 2.820293e+00 2.617224e+00 2.105308e+00 2.454802e+00 3.883769e+00 2.924720e+00 2.438746e+00 1.874467e+00 1.593972e+00 1.548973e+00 2.169089e+00 6.004551e-01 3.086680e-01 5.498087e-01 4.046527e-01 3.464549e-01 4.663301e-01 3.991192e-01 4.755379e-01 3.228521e-01 3.727368e-01 2.472331e-01 2.634228e-01 1.942246e-01
<GCONST> 1.104704e+02
<STATE> 3
<MEAN> 39
 -1.106170e+01 -3.930674e+00 2.133585e+00 -2.332900e+00 2.297642e+00 -2.450644e+01 -8.427382e+00 -7.158770e+00 -6.261428e+00 -7.068397e+00 -3.039609e+00 -4.798810e+00 8.007694e+01 4.471111e-01 -7.783885e-02 -2.746370e-01 6.824493e-01 -3.119086e-01 5.463373e-01 -1.304215e-02 5.308658e-01 5.493676e-03 1.831264e-01 -2.442831e-02 3.143217e-01 -1.347185e+00 -3.499590e-01 -8.006914e-02 -5.703470e-02 -2.396502e-01 1.898689e-01 1.534947e-01 1.689193e-01 5.171412e-02 1.760290e-01 9.759748e-02 8.935753e-02 2.321542e-02 1.184534e-01
<VARIANCE> 39
 7.455665e+00 1.715666e+01 1.719340e+01 2.437265e+01 2.731416e+01 1.120812e+02 2.346087e+01 4.281791e+01 1.133167e+01 1.948325e+01 2.022103e+01 2.127551e+01 1.694311e+02 3.078383e+00 1.613116e+00 2.036305e+00 2.054130e+00 2.888659e+00 9.218099e+00 2.855781e+00 2.498731e+00 1.654919e+00 2.459376e+00 2.104403e+00 1.873373e+00 3.775455e+00 4.829825e-01 3.433067e-01 4.505765e-01 3.855447e-01 6.270945e-01 1.296346e+00 4.948875e-01 6.257098e-01 2.844630e-01 5.163119e-01 4.581294e-01 4.522579e-01 7.234370e-01
<GCONST> 1.177413e+02
<STATE> 4
<MEAN> 39
 -2.066961e+01 -8.579405e+00 -2.684442e+00 -1.190138e+01 9.954432e+00 -1.023956e+01 -7.011473e+00 -8.463313e+00 6.527709e-01 -9.970122e-01 6.030971e-01 -5.809264e+00 8.187999e+01 -2.727026e+00 -6.366545e-01 2.556216e-01 -2.325396e+00 1.573693e+00 -1.689007e-01 3.799718e-01 -8.321518e-01 1.240490e+00 3.452926e-01 8.816448e-01 -4.322860e-01 4.393846e+00 -1.322757e-01 1.344381e-01 3.656880e-01 2.581041e-01 -4.350879e-01 1.127826e-01 3.131497e-01 3.525281e-01 -2.248226e-02 -1.339726e-01 -9.356907e-02 1.314693e-01 -2.824505e-01
<VARIANCE> 39
 4.638923e+01 1.568191e+01 2.627781e+01 5.988668e+01 4.802436e+01 3.133218e+01 1.482960e+01 2.833949e+01 2.603843e+01 9.698297e+00 2.250565e+01 1.237916e+01 1.619671e+02 1.549359e+00 1.539292e+00 5.263391e+00 5.824492e+00 7.450060e+00 3.099208e+00 2.468290e+00 3.905875e+00 1.940343e+00 1.069914e+00 2.270790e+00 1.597523e+00 6.692380e+00 4.051500e-01 2.794452e-01 7.885140e-01 1.164127e+00 1.259009e+00 6.291793e-01 4.494452e-01 6.579306e-01 4.786423e-01 1.923209e-01 4.860846e-01 2.950027e-01 2.447369e+00
<GCONST> 1.217033e+02
<STATE> 5
<MEAN> 39
 -3.070261e+01 -5.366183e+00 3.842171e+00 -1.777638e+01 1.008134e+01 -9.394599e+00 2.452852e+00 -4.548166e+00 4.052313e-01 -1.988516e+00 2.224338e+00 -4.278698e+00 8.484159e+01 5.719171e-01 2.285178e-01 4.353786e-02 3.171373e-01 -1.835957e-01 1.097998e-01 3.468224e-02 2.761071e-01 -3.980152e-01 7.854187e-02 -2.648396e-01 1.227505e-01 -1.143238e+00 1.278220e-01 -2.378821e-02 -5.460976e-02 9.701633e-02 5.036798e-03 2.039717e-02 -1.082287e-01 -3.040381e-02 -2.684051e-02 -3.545898e-03 -2.193081e-02 -2.146582e-02 -6.345463e-02
<VARIANCE> 39
 5.703934e+01 7.675167e+00 1.185823e+01 2.286464e+01 1.303278e+01 1.442505e+01 2.205090e+01 1.521151e+01 1.842509e+01 9.921587e+00 1.323610e+01 8.902943e+00 1.177958e+02 2.197414e+00 7.407663e-01 1.134176e+00 1.646980e+00 1.248887e+00 1.092329e+00 1.695043e+00 1.472676e+00 1.140555e+00 1.249697e+00 1.172986e+00 8.183593e-01 1.579525e+00 2.598145e-01 1.483529e-01 2.172051e-01 2.189205e-01 2.456173e-01 2.290538e-01 2.481678e-01 2.729173e-01 2.659195e-01 2.656551e-01 2.095180e-01 1.593851e-01 1.623687e-01
<GCONST> 9.252883e+01
<TRANSP> 6
 0.000000e+00 1.000000e+00 0.000000e+00 0.000000e+00 0.000000e+00 0.000000e+00
 0.000000e+00 9.485646e-01 5.143540e-02 0.000000e+00 0.000000e+00 0.000000e+00
 0.000000e+00 0.000000e+00 9.520366e-01 4.796345e-02 0.000000e+00 0.000000e+00
 0.000000e+00 0.000000e+00 0.000000e+00 8.607454e-01 1.392546e-01 0.000000e+00
 0.000000e+00 0.000000e+00 0.000000e+00 0.000000e+00 9.639351e-01 3.606489e-02
 0.000000e+00 0.000000e+00 0.000000e+00 0.000000e+00 0.000000e+00 0.000000e+00
<ENDHMM>
