~o
<STREAMINFO> 1 39
<VECSIZE> 39<NULLD><MFCC_D_A_0><DIAGC>
~h "five"
<BEGINHMM>
<NUMSTATES> 6
<STATE> 2
<MEAN> 39
 -1.959469e+01 -7.709770e+00 -5.313224e+00 -1.283681e+01 3.335950e+00 -9.712347e+00 2.052730e+00 -7.637516e+00 -5.031165e-01 -7.710376e+00 3.292964e+00 -5.474312e+00 8.271333e+01 6.687169e-01 2.178697e-01 -1.989115e-01 -4.207475e-01 -5.288194e-01 -5.688835e-01 1.200539e-01 3.282129e-02 -1.508823e-01 -6.241397e-01 -3.042301e-01 1.573241e-01 1.212446e+00 7.768751e-02 2.550452e-02 7.510962e-03 2.789590e-02 -5.767043e-02 1.173875e-02 -5.042051e-02 9.783650e-02 3.546470e-02 -9.788713e-03 -7.817631e-03 4.466140e-02 -5.507238e-02
<VARIANCE> 39
 8.355367e+01 3.363300e+01 1.637004e+01 1.646983e+01 3.479483e+01 2.994854e+01 2.293608e+01 1.929354e+01 2.568887e+01 3.177889e+01 2.213023e+01 1.597581e+01 5.655919e+01 6.255835e+00 3.308833e+00 1.928223e+00 1.026147e+00 2.933477e+00 2.492305e+00 2.454024e+00 2.016139e+00 2.691549e+00 2.617442e+00 2.776516e+00 1.459231e+00 1.526499e+00 7.327093e-01 6.705064e-01 3.568467e-01 2.210577e-01 4.951974e-01 5.589582e-01 4.711471e-01 4.060993e-01 5.497169e-01 4.735171e-01 6.008836e-01 2.612553e-01 2.372752e-01
<GCONST> 1.151152e+02
<STATE> 3
<MEAN> 39
 -3.596289e+00 -4.292841e+00 -9.870583e+00 -1.683521e+01 -1.869438e+00 -1.198757e+01 1.991762e+00 -2.940983e+00 -1.916211e-01 -1.542470e+01 5.128285e-01 1.142747e-02 9.331001e+01 -2.505720e-01 -2.588193e-01 1.085453e-01 1.889769e-01 7.838683e-01 -4.036827e-01 -3.740723e-01 5.223272e-02 7.109515e-01 1.990081e-01 4.800502e-01 -1.801558e-01 4.818805e-02 -7.573172e-02 5.566449e-02 1.901788e-01 7.949239e-02 8.679976e-02 -2.191485e-01 -7.722055e-02 -6.209061e-02 1.089952e-02 4.552517e-02 -1.726808e-02 -9.701851e-02 -1.066482e-01
<VARIANCE> 39
 7.470707e+00 1.252363e+01 9.627004e+00 1.592771e+01 3.354584e+01 3.966103e+01 2.236842e+01 1.870463e+01 2.529890e+01 4.337952e+01 2.433276e+01 1.435503e+01 7.259715e+00 3.319884e-01 6.467688e-01 1.020364e+00 1.510344e+00 1.606243e+00 4.679211e+00 1.882684e+00 1.470749e+00 1.989963e+00 1.992268e+00 1.178241e+00 1.274424e+00 2.960350e-01 6.529567e-02 1.281520e-01 1.125028e-01 2.991562e-01 3.423403e-01 4.100186e-01 2.744429e-01 2.480319e-01 3.850247e-01 4.194913e-01 2.208287e-01 1.975871e-01 6.820319e-02
<GCONST> 9.134735e+01
<STATE> 4
<MEAN> 39
 -1.091907e+01 -3.963387e+00 5.441615e+00 -6.761032e+00 1.017202e+01 -2.966249e+01 -8.465175e+00 -6.156600e+00 2.538197e+00 -1.398014e+01 -2.937333e-01 -6.317378e+00 8.300104e+01 -4.794779e-01 -1.042259e-01 3.644476e-01 4.016593e-01 2.171447e-01 7.672560e-01 -4.281366e-02 -2.163092e-01 -5.602669e-01 3.064237e-01 -5.062772e-01 -1.860612e-01 -1.231396e+00 -1.554209e-01 3.196619e-03 -2.236055e-01 -1.499740e-01 -1.401016e-01 3.727806e-01 2.668102e-01 -2.552592e-02 -5.429522e-02 -2.489317e-02 1.129078e-01 1.046692e-01 9.969254e-02
<VARIANCE> 39
 1.394530e+01 2.965760e+01 4.768793e+01 3.183334e+01 3.396730e+01 8.631505e+01 2.171827e+01 1.956041e+01 4.816714e+01 5.258035e+01 5.601041e+01 2.748579e+01 5.677350e+01 1.807464e+00 2.348172e+00 5.238537e+00 2.228683e+00 2.796903e+00 1.016797e+01 3.513474e+00 1.494645e+00 2.776706e+00 5.829852e+00 3.259385e+00 2.095975e+00 1.106035e+00 4.680780e-01 4.227985e-01 5.411751e-01 2.834308e-01 5.244333e-01 1.145467e+00 5.999915e-01 3.079696e-01 6.643221e-01 1.154587e+00 6.163357e-01 4.693707e-01 2.413028e-01
<GCONST> 1.233732e+02
<STATE> 5
<MEAN> 39
 -2.364386e+01 -6.306652e+00 -1.587510e+00 -1.041114e+01 7.699679e+00 -7.212250e+00 9.301239e-01 -7.570265e+00 -1.647283e+00 -7.586813e+00 1.815859e+00 -5.249595e+00 7.438583e+01 3.552797e-02 9.415689e-02 6.458616e-03 1.750596e-01 -4.478945e-01 3.881467e-01 1.168029e-01 2.982990e-01 -9.247688e-02 2.473696e-01 -4.752555e-02 1.987664e-01 -5.711929e-01 1.693877e-01 -6.468551e-03 4.920709e-02 1.162685e-01 1.741906e-03 -6.848188e-02 -1.296142e-01 4.800882e-02 -1.082584e-02 1.525651e-02 -1.104938e-01 9.426256e-03 -7.056125e-02
<VARIANCE> 39
 5.272750e+01 2.544729e+01 1.346118e+01 3.111543e+01 3.004419e+01 3.632893e+01 2.019974e+01 2.667496e+01 2.351964e+01 2.017421e+01 2.627085e+01 1.758296e+01 5.821943e+01 3.769348e+00 1.548401e+00 1.290056e+00 2.329701e+00 2.354655e+00 1.945631e+00 1.732556e+00 1.634761e+00 1.535989e+00 1.913677e+00 2.327863e+00 1.376747e+00 2.355383e+00 2.509937e-01 2.044357e-01 2.135492e-01 3.315518e-01 3.860554e-01 3.961257e-01 2.661232e-01 2.739835e-01 2.929568e-01 4.014151e-01 3.447504e-01 2.369748e-01 2.273168e-01
<GCONST> 1.068496e+02
<TRANSP> 6
 0.000000e+00 1.000000e+00 0.000000e+00 0.000000e+00 0.000000e+00 0.000000e+00
 0.000000e+00 9.514203e-01 4.857970e-02 0.000000e+00 0.000000e+00 0.000000e+00
 0.000000e+00 0.000000e+00 9.428278e-01 5.717226e-02 0.000000e+00 0.000000e+00
 0.000000e+00 0.000000e+00 0.000000e+00 9.361663e-01 6.383377e-02 0.000000e+00
 0.000000e+00 0.000000e+00 0.000000e+00 0.000000e+00 9.538292e-01 4.617075e-02
 0.000000e+00 0.000000e+00 0.000000e+00 0.000000e+00 0.000000e+00 0.000000e+00
<ENDHMM>
