~o
<STREAMINFO> 1 39
<VECSIZE> 39<NULLD><MFCC_D_A_0><DIAGC>
~h "two"
<BEGINHMM>
<NUMSTATES> 6
<STATE> 2
<MEAN> 39
 -2.023985e+01 -8.883649e+00 7.731856e-01 -8.156807e+00 2.104155e+00 -1.010755e+01 2.197077e-01 -1.205004e+01 -4.211739e+00 2.949946e-01 4.798700e+00 -7.703286e+00 8.995042e+01 7.405273e-01 6.409493e-01 -3.284392e-01 -2.686352e-01 5.968231e-01 -6.610918e-01 9.075890e-02 -1.084401e+00 -1.186288e+00 -3.518339e-01 -4.722627e-02 1.343977e-01 1.204634e+00 4.084135e-01 4.524833e-01 -5.194309e-02 1.914118e-01 -1.138667e-01 -7.119333e-02 2.854912e-02 7.491586e-02 -3.232203e-01 -3.263663e-01 -4.572260e-01 1.696216e-01 -6.227168e-01
<VARIANCE> 39
 2.312379e+01 1.460966e+01 1.712325e+01 1.010677e+01 2.136040e+01 2.435994e+01 1.570829e+01 2.322081e+01 1.902158e+01 1.706188e+01 2.051044e+01 1.455415e+01 4.724825e+01 3.879291e+00 3.949926e+00 1.781291e+00 1.597963e+00 1.933883e+00 5.233021e+00 1.749076e+00 2.035132e+00 3.797794e+00 3.167885e+00 5.778590e+00 2.240774e+00 1.226240e+01 3.555174e-01 3.610370e-01 3.873733e-01 2.712832e-01 5.474195e-01 1.078310e+00 3.661243e-01 3.808958e-01 5.135209e-01 5.112281e-01 5.970122e-01 3.757556e-01 1.679266e+00
<GCONST> 1.159416e+02
<STATE> 3
<MEAN> 39
 -7.195160e+00 5.079128e+00 3.043494e-01 -1.039781e+01 -3.248250e+00 -2.004855e+01 3.893421e+00 -1.580686e+01 -1.819076e+01 -1.090068e+01 -7.318602e+00 -5.068633e+00 9.086628e+01 4.275301e-01 6.166066e-01 4.501490e-01 -5.757001e-01 -5.071248e-01 -1.986869e-01 6.086351e-01 5.148780e-01 -1.373342e-01 -9.396389e-01 -5.890388e-01 -1.951162e-01 -3.265102e-03 -1.546159e-01 -1.756650e-01 1.444331e-01 -1.857408e-01 1.138775e-01 7.989901e-02 1.312861e-01 1.237184e-01 2.951530e-01 -4.631146e-03 2.364249e-01 -8.238135e-02 -1.461751e-01
<VARIANCE> 39
 4.120914e+00 1.318959e+01 1.350140e+01 1.587384e+01 2.040099e+01 4.316883e+01 4.948695e+01 2.976669e+01 2.835883e+01 3.086939e+01 1.586083e+01 2.069922e+01 1.047955e+01 8.400511e-01 1.351467e+00 1.379690e+00 1.939399e+00 2.114938e+00 5.514059e+00 4.577466e+00 3.182984e+00 3.859852e+00 2.841419e+00 2.076500e+00 1.573197e+00 1.286975e+00 1.517791e-01 2.647659e-01 2.558565e-01 4.386210e-01 3.018884e-01 1.126432e+00 8.459739e-01 6.550346e-01 5.893436e-01 5.566558e-01 4.507892e-01 3.039139e-01 2.079592e-01
<GCONST> 1.083683e+02
<STATE> 4
<MEAN> 39
 -7.161076e+00 8.888716e+00 6.963298e+00 -1.838514e+01 6.283588e-02 -1.843989e+01 8.681024e+00 -5.470753e+00 -1.140688e+01 -1.435982e+01 -9.646914e+00 -8.911142e+00 7.827398e+01 -1.964367e-02 -4.342921e-01 -3.502108e-01 -4.135101e-02 9.676590e-02 9.868096e-01 -6.666604e-01 7.846920e-01 6.351596e-01 9.330248e-01 3.331271e-01 2.269426e-01 -1.468793e+00 -2.576941e-02 -1.413296e-01 -2.178664e-01 3.445364e-01 -1.122438e-01 2.799177e-01 -2.660673e-01 1.733933e-02 7.990202e-02 2.664446e-01 1.073653e-01 1.871908e-01 -5.900482e-03
<VARIANCE> 39
 8.228977e+00 3.392822e+01 2.426488e+01 2.872022e+01 3.035466e+01 5.424257e+01 5.204507e+01 2.074283e+01 1.822987e+01 7.517954e+01 2.395400e+01 3.460613e+01 4.658416e+01 1.155281e+00 4.446460e+00 4.402596e+00 5.147164e+00 4.165506e+00 7.243299e+00 5.917996e+00 2.177090e+00 1.973900e+00 5.822672e+00 2.513546e+00 4.270654e+00 1.720147e+00 2.354297e-01 7.854831e-01 8.219610e-01 1.146323e+00 6.532545e-01 1.089285e+00 1.120594e+00 4.813210e-01 3.416823e-01 1.042937e+00 3.688534e-01 7.130441e-01 3.725528e-01
<GCONST> 1.260488e+02
<STATE> 5
<MEAN> 39
 -6.321735e+00 2.668351e+00 2.946329e+00 -3.741528e+00 -1.819599e+00 -1.827145e+00 4.648881e-01 4.899645e-01 -2.894849e+00 -2.680467e+00 -3.181444e+00 -2.939395e+00 6.477313e+01 -4.287783e-01 -2.150852e-01 3.407852e-01 1.723309e+00 4.594023e-01 7.183316e-01 -1.203343e-01 -8.075681e-02 4.867701e-01 3.058814e-01 2.431747e-01 1.420777e-01 -7.172892e-01 -8.262937e-02 5.303535e-02 8.724600e-02 -1.956228e-01 2.101806e-01 -2.241500e-01 8.606631e-02 -1.103836e-01 -1.269157e-01 -1.109594e-01 -9.842279e-02 -1.043048e-01 9.764241e-02
<VARIANCE> 39
 1.130619e+01 1.645029e+01 2.730237e+01 5.018044e+01 2.228276e+01 1.518053e+01 1.297444e+01 1.455599e+01 1.033475e+01 8.839064e+00 9.947605e+00 8.120954e+00 5.260312e+00 1.091076e+00 1.248141e+00 1.900954e+00 3.899282e+00 2.185527e+00 1.382862e+00 1.304765e+00 1.720816e+00 1.253460e+00 1.288484e+00 1.297767e+00 1.002741e+00 8.711730e-01 1.748411e-01 2.934555e-01 4.527108e-01 5.242181e-01 5.151059e-01 3.577073e-01 2.938758e-01 3.745178e-01 2.709415e-01 3.005978e-01 3.271695e-01 2.647619e-01 1.610192e-01
<GCONST> 9.550195e+01
<TRANSP> 6
 0.000000e+00 1.000000e+00 0.000000e+00 0.000000e+00 0.000000e+00 0.000000e+00
 0.000000e+00 8.946599e-01 1.053400e-01 0.000000e+00 0.000000e+00 0.000000e+00
 0.000000e+00 0.000000e+00 9.277987e-01 7.220133e-02 0.000000e+00 0.000000e+00
 0.000000e+00 0.000000e+00 0.000000e+00 9.240631e-01 7.593685e-02 0.000000e+00
 0.000000e+00 0.000000e+00 0.000000e+00 0.000000e+00 8.967781e-01 1.032219e-01
 0.000000e+00 0.000000e+00 0.000000e+00 0.000000e+00 0.000000e+00 0.000000e+00
<ENDHMM>
