~o
<STREAMINFO> 1 39
<VECSIZE> 39<NULLD><MFCC_D_A_0><DIAGC>
~h "one"
<BEGINHMM>
<NUMSTATES> 6
<STATE> 2
<MEAN> 39
 -4.896240e+00 1.075892e+01 1.261658e+00 -1.334554e+01 -4.817424e+00 -1.783455e+01 -2.146289e+00 -4.088813e+00 -6.239736e+00 -9.124422e+00 -5.545704e+00 -9.044075e+00 8.101934e+01 6.829957e-01 -8.414093e-01 -1.010727e+00 -3.327923e-01 -9.391460e-01 -4.015322e-02 -1.421587e-02 1.786294e-01 2.064707e-01 -7.674009e-02 -1.600303e-01 3.335107e-01 2.466535e+00 -2.108751e-01 -3.451064e-01 -1.767658e-01 1.322493e-01 1.772188e-01 3.008718e-01 1.201460e-01 1.317168e-01 2.246777e-01 1.201624e-01 1.048498e-01 1.450347e-01 -1.541138e-01
<VARIANCE> 39
 1.974824e+01 5.236978e+01 2.885310e+01 4.849474e+01 6.286927e+01 6.312357e+01 6.015670e+01 2.467804e+01 2.583296e+01 4.372193e+01 2.312863e+01 2.933990e+01 9.229532e+01 1.734067e+00 8.788593e+00 2.821079e+00 3.509691e+00 5.672938e+00 6.343481e+00 2.973652e+00 2.086873e+00 3.949678e+00 5.218124e+00 2.082106e+00 2.456131e+00 2.827769e+00 2.955309e-01 1.510023e+00 5.515919e-01 6.885362e-01 1.097046e+00 9.710305e-01 5.146961e-01 3.748251e-01 7.318821e-01 1.001099e+00 4.971078e-01 3.663189e-01 5.444298e-01
<GCONST> 1.296687e+02
<STATE> 3
<MEAN> 39
 -5.861801e+00 2.858992e+00 -5.738582e+00 -1.520870e+01 -1.806879e+00 -1.296916e+01 1.585668e+00 -1.632645e+00 -4.411581e+00 -1.279229e+01 4.618751e+00 1.378906e-02 9.299324e+01 -4.347206e-01 4.933068e-01 3.798883e-01 7.520332e-02 1.191785e+00 -1.135646e-01 2.913951e-01 -4.730910e-01 -4.913922e-01 -3.717925e-01 1.858158e+00 1.342210e-01 -3.657556e-01 1.713738e-03 1.901916e-01 2.251344e-01 1.467972e-01 1.400540e-01 -2.419044e-02 -1.120563e-01 -1.374237e-01 -8.571273e-02 9.371749e-02 -1.570306e-01 -1.358898e-01 -2.611305e-01
<VARIANCE> 39
 5.373902e+00 1.241892e+01 1.583454e+01 1.132756e+01 3.597272e+01 2.355803e+01 3.310331e+01 3.121429e+01 4.666415e+01 3.081309e+01 9.800397e+01 2.364484e+01 4.522027e+00 1.770200e-01 8.543329e-01 1.215202e+00 1.417823e+00 1.757196e+00 2.030498e+00 1.475123e+00 2.671397e+00 2.145159e+00 2.896963e+00 3.534289e+00 2.752850e+00 6.360565e-01 4.462299e-02 1.946426e-01 1.885534e-01 3.355850e-01 2.790473e-01 5.041068e-01 1.791404e-01 4.258417e-01 4.830895e-01 5.257021e-01 1.024998e+00 3.373179e-01 1.000556e-01
<GCONST> 9.945057e+01
<STATE> 4
<MEAN> 39
 -7.747835e+00 5.287234e+00 3.881132e+00 -5.936347e+00 1.678303e+01 -1.033902e+01 -3.055832e+00 -7.541805e+00 -4.556802e+00 -7.613356e+00 6.523212e+00 -5.306575e+00 7.761422e+01 2.970911e-01 -5.194548e-01 5.657133e-01 1.093455e+00 6.466548e-01 7.534201e-01 -5.675171e-01 -1.968948e-02 3.006013e-01 6.555199e-01 -1.367139e+00 -1.283217e-01 -1.525107e+00 6.845341e-02 -1.263844e-01 -2.090152e-01 -7.861625e-02 -3.553759e-01 -5.464650e-02 3.049176e-02 9.539115e-02 -8.580419e-03 -4.764350e-02 9.674327e-02 5.403281e-02 1.057869e-01
<VARIANCE> 39
 1.616055e+01 1.476231e+01 1.653968e+01 2.913208e+01 4.064862e+01 3.879465e+01 2.498717e+01 2.283875e+01 5.950040e+01 2.785545e+01 7.672152e+01 1.381986e+01 3.024513e+01 6.102033e-01 6.086212e-01 1.399545e+00 3.361686e+00 4.312312e+00 2.231390e+00 1.793342e+00 2.303785e+00 2.022837e+00 2.153803e+00 3.734202e+00 9.778484e-01 1.273932e+00 1.174442e-01 1.421044e-01 2.159586e-01 6.728838e-01 6.168332e-01 4.264926e-01 3.216971e-01 3.964294e-01 3.482723e-01 3.879127e-01 7.576300e-01 1.426939e-01 2.006143e-01
<GCONST> 1.068287e+02
<STATE> 5
<MEAN> 39
 -5.674243e+00 8.466215e-01 4.011804e+00 3.264563e+00 8.561849e+00 -3.339082e+00 -6.551913e+00 -6.941124e+00 -5.370210e+00 -1.466949e+00 1.012613e+00 -5.357905e+00 6.693932e+01 -3.848476e-01 -3.195919e-01 -2.040281e-01 3.067486e-01 -7.559444e-01 4.971369e-01 1.083637e-01 2.946419e-01 8.620200e-02 3.918294e-01 -2.322783e-01 6.526297e-02 -6.811794e-01 -7.358475e-02 1.869042e-02 3.654362e-02 -1.170519e-01 1.138440e-01 -3.899962e-02 5.378696e-02 2.356372e-02 1.890702e-02 -5.053873e-02 6.229468e-03 2.856086e-02 4.732859e-02
<VARIANCE> 39
 1.565154e+01 1.952226e+01 1.634639e+01 8.289114e+00 2.795782e+01 1.848339e+01 2.530256e+01 2.114337e+01 1.986794e+01 5.436532e+01 2.469339e+01 2.080906e+01 1.470391e+01 6.576297e-01 7.042797e-01 9.334595e-01 9.750535e-01 1.671254e+00 1.481565e+00 1.792551e+00 1.687223e+00 1.465222e+00 1.979851e+00 1.246908e+00 1.547432e+00 2.089505e-01 7.989468e-02 1.167774e-01 1.431496e-01 1.408555e-01 2.586145e-01 2.948763e-01 2.920991e-01 3.487408e-01 2.704857e-01 3.473198e-01 2.578119e-01 3.178363e-01 3.471632e-02
<GCONST> 9.039572e+01
<TRANSP> 6
 0.000000e+00 1.000000e+00 0.000000e+00 0.000000e+00 0.000000e+00 0.000000e+00
 0.000000e+00 8.927304e-01 1.072696e-01 0.000000e+00 0.000000e+00 0.000000e+00
 0.000000e+00 0.000000e+00 9.222887e-01 7.771125e-02 0.000000e+00 0.000000e+00
 0.000000e+00 0.000000e+00 0.000000e+00 9.111123e-01 8.888770e-02 0.000000e+00
 0.000000e+00 0.000000e+00 0.000000e+00 0.000000e+00 9.245825e-01 7.541753e-02
 0.000000e+00 0.000000e+00 0.000000e+00 0.000000e+00 0.000000e+00 0.000000e+00
<ENDHMM>
