~o
<STREAMINFO> 1 39
<VECSIZE> 39<NULLD><MFCC_D_A_0><DIAGC>
~h "minus"
<BEGINHMM>
<NUMSTATES> 6
<STATE> 2
<MEAN> 39
 -2.269139e+00 7.855225e+00 -9.708498e-01 -1.342424e+01 5.119968e+00 -1.436371e+01 2.820179e+00 -8.242339e+00 -2.127291e+01 -1.778850e+01 -1.274091e+01 -5.602890e+00 7.690411e+01 1.194109e+00 -6.451942e-01 -2.137073e+00 -1.625221e+00 -1.810369e+00 -2.446309e+00 5.324182e-01 -9.418716e-01 4.381176e-01 -1.435622e+00 2.248420e+00 3.575501e-01 3.842780e+00 -7.261320e-01 -9.676989e-01 -4.614348e-01 1.508273e-01 -3.249450e-01 3.519009e-01 -1.537548e-02 9.425625e-02 8.448234e-01 8.067232e-01 8.096865e-01 3.394366e-01 -4.668954e-02
<VARIANCE> 39
 9.192709e+00 1.660288e+01 3.255085e+01 3.050003e+01 5.331118e+01 5.809201e+01 1.496187e+01 2.794967e+01 6.051950e+01 2.306615e+01 7.138972e+01 2.203170e+01 5.539655e+01 3.670684e+00 6.886067e+00 3.724700e+00 2.631682e+00 5.075194e+00 4.614063e+00 1.968673e+00 1.756076e+00 1.279764e+01 6.573006e+00 1.066807e+01 2.802113e+00 2.735147e+00 2.662659e-01 5.962570e-01 7.064721e-01 6.382554e-01 1.067831e+00 1.504403e+00 3.280031e-01 4.077730e-01 1.852120e+00 8.485645e-01 2.087592e+00 5.804857e-01 5.745875e-01
<GCONST> 1.309543e+02
<STATE> 3
<MEAN> 39
 -6.657946e+00 1.363357e+00 -4.035884e+00 -1.169417e+01 2.478911e+00 -2.220727e+01 -2.884053e+00 -1.198909e+01 -1.153801e+01 -1.152403e+01 -9.173077e-01 -1.113523e+01 8.773516e+01 -1.173463e-01 -1.688845e-02 1.668841e-01 1.120881e-01 3.129774e-01 -1.274418e-02 -3.071817e-01 -7.924000e-02 1.332664e-01 4.446683e-01 3.891784e-01 -5.792313e-02 4.002454e-02 4.945098e-02 2.241781e-02 5.043710e-02 -6.314551e-03 6.024550e-02 -2.222765e-03 -1.436706e-02 6.178781e-02 -1.505829e-02 2.078469e-02 -1.724541e-02 3.635903e-02 -7.121785e-02
<VARIANCE> 39
 1.048263e+01 3.486110e+01 7.287716e+01 2.380490e+01 1.852995e+01 7.896145e+01 3.768401e+01 1.726026e+01 2.423421e+01 3.304554e+01 3.586514e+01 3.480687e+01 4.694027e+01 1.325788e+00 2.672138e+00 2.828771e+00 1.419225e+00 1.346920e+00 7.242469e+00 1.542129e+00 1.870253e+00 1.593086e+00 2.779601e+00 4.752699e+00 2.264244e+00 2.828049e+00 2.729790e-01 3.948294e-01 3.485261e-01 2.615736e-01 3.079752e-01 1.192156e+00 2.739060e-01 3.930208e-01 3.068146e-01 4.161445e-01 7.686745e-01 3.093665e-01 3.842299e-01
<GCONST> 1.150578e+02
<STATE> 4
<MEAN> 39
 -9.122571e+00 -2.143947e+00 1.003356e+00 -1.450316e+01 7.146182e+00 -1.635623e+01 -4.712497e+00 -1.089715e+01 -9.812788e+00 -4.969279e+00 9.873750e+00 1.297709e+00 8.572474e+01 -1.122644e+00 -4.053004e-01 6.540251e-01 -1.932675e-01 -1.150822e-01 8.412209e-01 1.194664e-01 2.543577e-01 5.877423e-01 -6.518556e-03 -3.668232e-01 -5.411340e-02 -1.388330e-01 -2.931501e-01 7.118276e-03 4.153236e-04 -1.828979e-02 -8.194004e-02 3.672605e-02 5.650207e-02 1.645170e-02 8.230905e-02 -4.633326e-02 -1.207872e-01 -1.613638e-01 6.987509e-02
<VARIANCE> 39
 3.230667e+01 3.436629e+01 3.838742e+01 1.184165e+01 1.254111e+01 4.298317e+01 3.066301e+01 1.680593e+01 2.572785e+01 2.529906e+01 2.658933e+01 2.357960e+01 2.323837e+01 4.166114e+00 4.177284e+00 1.303290e+00 1.060854e+00 1.385499e+00 1.875633e+00 1.427104e+00 1.749122e+00 3.759544e+00 1.891882e+00 1.674469e+00 3.153495e+00 1.861074e+00 3.921987e-01 7.275674e-01 3.218195e-01 2.157548e-01 2.802240e-01 3.494166e-01 2.616772e-01 2.962215e-01 5.549933e-01 3.597381e-01 3.131714e-01 3.098534e-01 2.672049e-01
<GCONST> 1.086400e+02
<STATE> 5
<MEAN> 39
 -3.261037e+01 -6.163838e+00 3.185264e+00 -1.759098e+01 8.419737e+00 -8.518060e+00 2.688906e+00 -3.924427e+00 2.072062e+00 -3.135430e+00 2.805147e+00 -5.140302e+00 8.399709e+01 2.779939e-01 1.594555e-01 -1.864776e-01 1.606402e-01 -1.624667e-02 -6.440179e-02 1.515707e-01 2.437596e-01 -1.084316e-01 1.292971e-01 -1.759826e-01 1.300037e-01 -9.096696e-01 2.522669e-01 5.500177e-02 -1.142811e-02 9.855594e-02 2.666895e-02 1.361153e-02 -7.075742e-02 -8.453025e-03 -1.332802e-01 1.977521e-02 -3.056264e-02 8.213749e-02 -1.532373e-01
<VARIANCE> 39
 2.681255e+01 1.711906e+01 1.869040e+01 1.882212e+01 2.163933e+01 1.696499e+01 1.814946e+01 1.924088e+01 1.521144e+01 1.063685e+01 1.139492e+01 1.288669e+01 6.168671e+01 3.039884e+00 9.847522e-01 1.324468e+00 1.679904e+00 1.738024e+00 1.459473e+00 1.256697e+00 1.557712e+00 1.061848e+00 8.907585e-01 9.131229e-01 8.487861e-01 2.007968e+00 3.049123e-01 2.039520e-01 2.031784e-01 2.707233e-01 3.085283e-01 3.175860e-01 2.218418e-01 2.550047e-01 2.097007e-01 1.611100e-01 1.653969e-01 1.836965e-01 1.784804e-01
<GCONST> 9.403579e+01
<TRANSP> 6
 0.000000e+00 1.000000e+00 0.000000e+00 0.000000e+00 0.000000e+00 0.000000e+00
 0.000000e+00 8.181086e-01 1.818914e-01 0.000000e+00 0.000000e+00 0.000000e+00
 0.000000e+00 0.000000e+00 9.676877e-01 3.231234e-02 0.000000e+00 0.000000e+00
 0.000000e+00 0.000000e+00 0.000000e+00 9.430662e-01 5.693379e-02 0.000000e+00
 0.000000e+00 0.000000e+00 0.000000e+00 0.000000e+00 9.601436e-01 3.985642e-02
 0.000000e+00 0.000000e+00 0.000000e+00 0.000000e+00 0.000000e+00 0.000000e+00
<ENDHMM>
