~o
<STREAMINFO> 1 39
<VECSIZE> 39<NULLD><MFCC_D_A_0><DIAGC>
~h "seven"
<BEGINHMM>
<NUMSTATES> 6
<STATE> 2
<MEAN> 39
 -2.639267e+01 -7.994732e+00 3.044712e+00 -2.050556e+01 1.056343e+01 -1.536596e+01 4.629984e+00 -8.414821e+00 3.885484e+00 -3.612715e+00 1.882638e+00 -4.558586e+00 8.751949e+01 -5.208926e-02 2.461822e-01 4.305437e-02 2.805760e-02 2.651829e-01 -7.992129e-01 -6.453159e-02 -5.365231e-01 -1.731594e-01 -3.843452e-01 6.561562e-02 -1.777343e-01 1.158714e+00 2.492332e-01 1.859145e-01 -1.537355e-01 2.082151e-01 -1.901520e-01 -1.284002e-02 -2.021090e-01 1.874647e-02 -1.722227e-01 -5.015879e-02 -2.306283e-02 6.774060e-02 -1.594157e-01
<VARIANCE> 39
 6.254743e+01 1.776967e+01 1.702328e+01 2.461221e+01 2.788859e+01 3.021839e+01 3.233838e+01 2.028409e+01 1.133325e+01 1.654474e+01 1.265688e+01 1.027824e+01 4.025373e+01 8.329001e+00 2.847498e+00 2.198287e+00 3.315209e+00 2.961979e+00 2.659576e+00 4.484609e+00 3.406028e+00 2.418725e+00 1.946142e+00 1.433752e+00 1.342115e+00 2.887787e+00 6.990489e-01 4.732313e-01 3.855602e-01 4.716767e-01 2.637385e-01 4.751362e-01 4.401010e-01 6.021221e-01 3.553208e-01 3.824827e-01 3.025060e-01 2.930153e-01 2.568527e-01
<GCONST> 1.129612e+02
<STATE> 3
<MEAN> 39
 -6.329968e+00 3.138765e-02 -5.673330e+00 -1.470490e+01 5.886189e-01 -2.330107e+01 -6.410658e+00 -1.555233e+01 -4.157897e+00 -8.616863e+00 1.537631e+00 -2.788016e+00 9.463490e+01 1.179239e+00 1.874838e-01 -8.426419e-01 -2.113633e-01 -4.949454e-01 -5.354164e-01 2.289325e-01 8.507622e-02 -3.389975e-01 -7.885267e-01 2.163122e-01 5.197874e-01 -1.287507e-01 -4.584614e-01 -2.182592e-01 2.759375e-01 -5.963405e-02 4.070283e-01 1.981393e-01 5.580412e-01 1.863794e-01 8.173481e-02 -2.008989e-01 -3.744774e-02 -7.305778e-02 -4.165379e-01
<VARIANCE> 39
 2.634546e+00 5.788793e+00 1.390563e+01 9.005737e+00 8.238711e+00 2.429585e+01 1.149664e+01 2.054066e+01 1.873877e+01 3.741450e+01 1.281924e+01 2.379916e+01 4.996683e+00 1.911746e+00 8.467429e-01 1.293656e+00 8.817283e-01 1.649652e+00 1.738711e+00 2.519927e+00 2.549569e+00 2.883656e+00 4.148126e+00 1.369597e+00 1.963198e+00 1.761743e+00 5.890868e-01 2.626468e-01 1.930906e-01 2.407807e-01 1.251754e-01 4.211807e-01 3.291839e-01 6.916418e-01 8.322254e-01 7.688764e-01 3.000648e-01 3.950621e-01 1.028032e-01
<GCONST> 9.723082e+01
<STATE> 4
<MEAN> 39
 -4.841634e+00 -5.759046e-01 1.057841e-01 -1.408551e+01 7.070108e+00 -2.173786e+01 2.134769e+00 -1.572406e+01 -8.275553e+00 -1.613954e+01 3.900421e+00 -2.838969e+00 8.565958e+01 -8.364417e-02 1.204194e-01 6.183603e-01 3.261200e-01 7.184135e-01 4.195938e-01 1.486391e-01 4.224911e-02 -8.619858e-02 1.845999e-01 1.387892e-01 -4.387899e-02 -6.357169e-01 1.643131e-02 -2.653827e-02 -5.267137e-02 1.275024e-01 -1.413980e-02 7.949028e-02 -1.689183e-01 1.081433e-01 4.832319e-03 1.975327e-01 -1.112749e-01 4.741944e-02 1.680123e-02
<VARIANCE> 39
 1.143108e+01 2.346178e+01 2.500106e+01 2.433924e+01 1.885656e+01 4.303167e+01 2.041667e+01 2.423239e+01 2.397263e+01 4.712378e+01 6.797618e+01 3.138142e+01 3.064318e+01 1.488067e+00 2.180306e+00 1.905166e+00 3.904732e+00 2.144953e+00 5.050783e+00 2.015625e+00 2.251146e+00 2.537465e+00 4.509590e+00 6.017478e+00 4.293722e+00 5.018121e+00 3.617904e-01 4.008200e-01 3.779167e-01 6.249418e-01 3.510445e-01 8.989461e-01 3.819269e-01 4.600617e-01 4.858530e-01 7.429389e-01 9.053067e-01 9.483820e-01 5.941873e-01
<GCONST> 1.211228e+02
<STATE> 5
<MEAN> 39
 -4.728937e+00 8.315441e-01 3.770940e+00 -3.308083e-01 1.058244e+01 -6.600660e+00 -3.804557e+00 -8.684782e+00 -1.012198e+01 -5.309583e+00 -1.037096e+00 -2.945555e+00 6.942727e+01 -4.368839e-01 -3.555261e-01 -3.386576e-01 5.775561e-01 -8.798622e-01 1.091481e+00 -3.186286e-01 5.672095e-01 2.121831e-01 6.985010e-01 -3.683629e-01 -7.671401e-02 -1.082057e+00 -1.197657e-01 -1.450162e-02 -4.015150e-02 -2.162341e-01 -1.593376e-01 -1.233362e-01 1.014174e-01 -7.954326e-02 1.249335e-01 -5.236702e-02 1.941447e-01 -2.464835e-02 9.084757e-02
<VARIANCE> 39
 1.840199e+01 7.053727e+00 8.715692e+00 2.255670e+01 3.193590e+01 4.901887e+01 1.330742e+01 1.825525e+01 3.062345e+01 1.828501e+01 1.944907e+01 1.627803e+01 2.674283e+01 1.715295e+00 7.637938e-01 1.055364e+00 3.218835e+00 1.526828e+00 2.041123e+00 1.687834e+00 1.763790e+00 2.830918e+00 1.187866e+00 2.730302e+00 2.043473e+00 4.892213e-01 2.250899e-01 1.569076e-01 2.219907e-01 4.391708e-01 3.341714e-01 3.720970e-01 3.065254e-01 3.271404e-01 3.799668e-01 2.461395e-01 4.925145e-01 4.045754e-01 1.123079e-01
<GCONST> 9.975732e+01
<TRANSP> 6
 0.000000e+00 1.000000e+00 0.000000e+00 0.000000e+00 0.000000e+00 0.000000e+00
 0.000000e+00 9.492386e-01 5.076142e-02 0.000000e+00 0.000000e+00 0.000000e+00
 0.000000e+00 0.000000e+00 8.820058e-01 1.179942e-01 0.000000e+00 0.000000e+00
 0.000000e+00 0.000000e+00 0.000000e+00 9.486483e-01 5.135172e-02 0.000000e+00
 0.000000e+00 0.000000e+00 0.000000e+00 0.000000e+00 9.326656e-01 6.733444e-02
 0.000000e+00 0.000000e+00 0.000000e+00 0.000000e+00 0.000000e+00 0.000000e+00
<ENDHMM>
