~o
<STREAMINFO> 1 39
<VECSIZE> 39<NULLD><MFCC_D_A_0><DIAGC>
~h "eight"
<BEGINHMM>
<NUMSTATES> 6
<STATE> 2
<MEAN> 39
 -7.488120e+00 -4.498444e+00 1.990549e+00 -7.328329e+00 3.684948e+00 -3.448510e+01 -2.412305e+00 -1.104700e+01 -1.777943e+00 -1.100113e+01 2.076482e+00 -6.995396e+00 9.055795e+01 -9.084684e-02 7.805941e-01 1.195008e+00 9.543128e-02 7.680070e-01 -4.501861e-01 -4.748539e-01 9.758084e-02 -1.143258e-01 -2.045841e+00 -3.312182e-01 -1.890510e-01 3.350890e-01 -1.679895e-01 9.286776e-02 5.018662e-02 7.852054e-02 4.091970e-02 4.842558e-01 2.437204e-02 1.707795e-01 -7.221805e-02 -3.290230e-02 -1.070936e-01 7.635040e-02 -5.669998e-01
<VARIANCE> 39
 8.738446e+00 2.864077e+01 5.289760e+01 1.265617e+01 3.103149e+01 3.901172e+01 3.873460e+01 2.162893e+01 2.240366e+01 1.213114e+02 1.967080e+01 2.648526e+01 3.408414e+01 1.270260e+00 2.141086e+00 1.772043e+00 1.352830e+00 2.285249e+00 5.318758e+00 2.726933e+00 1.870678e+00 2.041882e+00 2.513456e+00 1.764858e+00 1.965294e+00 7.570933e+00 1.338501e-01 5.787176e-01 3.807462e-01 2.136391e-01 4.989343e-01 1.585045e+00 5.954869e-01 3.141629e-01 3.818861e-01 9.006129e-01 4.359834e-01 3.378071e-01 5.956744e-01
<GCONST> 1.156549e+02
<STATE> 3
<MEAN> 39
 -1.338009e+01 -7.465426e-01 5.007837e+00 -5.470769e+00 4.867386e+00 -1.651323e+01 -3.263165e+00 -3.483887e+00 -3.259780e+00 -1.042296e+01 -2.350878e+00 -3.330315e+00 6.771381e+01 -5.151201e-02 -2.599322e-01 -1.090963e+00 -4.270298e-02 -1.018012e+00 2.300866e+00 1.098509e-01 3.763882e-01 6.720945e-02 1.755377e+00 -1.648993e-01 5.130024e-01 -1.518132e+00 1.339041e-02 -1.284716e-01 -2.779475e-02 -1.256137e-01 -1.851754e-02 -1.347247e-01 2.316379e-02 -5.266067e-02 8.208746e-02 -1.352215e-02 9.577159e-02 -4.903886e-02 3.622827e-01
<VARIANCE> 39
 7.635290e+00 9.307077e+00 4.008925e+01 2.114643e+01 7.482117e+01 1.242670e+02 1.787044e+01 1.690684e+01 2.140599e+01 1.223459e+02 3.371344e+01 2.873084e+01 4.492778e+01 9.898317e-01 8.938417e-01 2.599827e+00 2.141804e+00 4.464884e+00 2.325852e+00 2.329273e+00 1.884168e+00 2.009259e+00 5.399147e+00 2.604090e+00 2.200323e+00 1.577946e+00 2.387812e-01 1.709815e-01 7.164589e-01 5.615701e-01 9.004430e-01 5.451024e-01 4.792410e-01 3.446832e-01 4.049372e-01 1.193124e+00 4.541498e-01 4.133267e-01 3.791433e-01
<GCONST> 1.160917e+02
<STATE> 4
<MEAN> 39
 -2.146697e+01 -7.809904e+00 2.118812e+00 -1.401332e+01 3.680814e+00 -7.501131e+00 -3.153878e-01 -5.363873e+00 1.800366e+00 -5.760164e+00 1.297940e+00 -4.783153e+00 7.927022e+01 -2.182870e+00 -1.048093e+00 1.135003e+00 -2.124860e+00 1.231259e+00 -1.142811e+00 4.568611e-01 -1.309120e+00 1.511917e+00 -8.608870e-01 9.480036e-01 -1.045932e+00 5.347676e+00 2.791832e-01 2.240266e-01 1.760354e-01 4.785711e-01 -3.167001e-01 1.421210e-02 -6.345229e-02 -2.200546e-01 2.055080e-02 9.385508e-02 -9.176905e-02 4.880906e-02 -9.743396e-02
<VARIANCE> 39
 5.126782e+01 2.562844e+01 3.197372e+01 5.522640e+01 3.993328e+01 2.203640e+01 2.050432e+01 2.261835e+01 2.578263e+01 1.790516e+01 1.108006e+01 2.037072e+01 2.162598e+02 3.338686e+00 2.804855e+00 3.432321e+00 6.523464e+00 4.938173e+00 1.640110e+00 2.922265e+00 1.689554e+00 1.467738e+00 1.832205e+00 1.086897e+00 1.733605e+00 9.736261e+00 1.213611e+00 6.303333e-01 7.696185e-01 1.598754e+00 1.076179e+00 5.059411e-01 5.373034e-01 3.474526e-01 4.861602e-01 4.903930e-01 2.368660e-01 4.255761e-01 3.906470e+00
<GCONST> 1.244044e+02
<STATE> 5
<MEAN> 39
 -1.564365e+01 -8.252457e+00 8.060873e+00 -9.807030e+00 1.562120e+00 -8.432883e+00 2.008234e+00 -1.052328e+01 3.801879e+00 -4.266241e+00 4.019219e+00 -7.459576e+00 8.402128e+01 1.013735e+00 3.721206e-01 -1.924041e-01 8.676679e-01 -4.040308e-01 5.512921e-01 -1.030251e-01 4.487990e-01 -5.164792e-01 5.112745e-01 -2.503270e-01 2.446347e-01 -1.885558e+00 -6.102837e-02 1.085666e-03 -1.022764e-01 -3.837311e-02 6.661611e-02 9.153809e-02 3.670181e-03 1.486327e-01 -3.298332e-02 -2.527949e-02 -7.141283e-02 4.006987e-02 -1.830794e-01
<VARIANCE> 39
 4.073391e+01 1.572783e+01 1.931756e+01 2.218297e+01 1.289505e+01 1.849390e+01 2.065799e+01 2.692227e+01 2.525017e+01 2.080263e+01 1.420748e+01 1.467167e+01 1.358313e+02 1.211035e+00 1.311742e+00 1.811367e+00 1.210051e+00 1.241711e+00 1.981093e+00 2.227234e+00 1.926159e+00 1.618053e+00 1.382058e+00 1.573780e+00 1.536554e+00 2.053899e+00 1.992282e-01 2.677848e-01 2.716432e-01 2.751847e-01 2.476071e-01 4.191991e-01 3.671231e-01 2.857546e-01 2.873899e-01 2.746457e-01 2.861878e-01 2.558814e-01 2.859034e-01
<GCONST> 1.020721e+02
<TRANSP> 6
 0.000000e+00 1.000000e+00 0.000000e+00 0.000000e+00 0.000000e+00 0.000000e+00
 0.000000e+00 9.380178e-01 6.198217e-02 0.000000e+00 0.000000e+00 0.000000e+00
 0.000000e+00 0.000000e+00 9.304779e-01 6.952212e-02 0.000000e+00 0.000000e+00
 0.000000e+00 0.000000e+00 0.000000e+00 8.446333e-01 1.553668e-01 0.000000e+00
 0.000000e+00 0.000000e+00 0.000000e+00 0.000000e+00 9.380657e-01 6.193431e-02
 0.000000e+00 0.000000e+00 0.000000e+00 0.000000e+00 0.000000e+00 0.000000e+00
<ENDHMM>
