~o
<STREAMINFO> 1 39
<VECSIZE> 39<NULLD><MFCC_D_A_0><DIAGC>
~h "three"
<BEGINHMM>
<NUMSTATES> 6
<STATE> 2
<MEAN> 39
 -1.753624e+01 -8.204542e+00 -1.462075e-02 -1.274901e+01 6.570469e-01 -1.015127e+01 -3.384521e+00 -8.450941e+00 1.406219e+00 -7.180307e+00 1.848850e+00 -6.671529e+00 8.593502e+01 1.199308e+00 1.744565e+00 6.701947e-01 4.806899e-01 1.438699e+00 -2.590067e+00 -1.222217e+00 -2.001656e+00 -1.534202e+00 -7.853694e-01 -8.503850e-01 -9.930478e-01 3.509402e+00 7.601849e-01 1.167090e+00 1.365259e-02 1.304198e+00 5.973443e-01 -1.386560e-01 -1.075329e-02 -1.913573e-02 -9.234433e-01 2.043804e-01 -6.776378e-01 4.415123e-01 -1.767741e+00
<VARIANCE> 39
 6.187443e+00 2.634591e+01 9.897652e+00 3.686058e+01 3.050109e+01 1.350359e+01 1.729361e+01 1.635797e+01 2.350581e+01 3.091069e+01 1.573264e+01 2.273773e+01 1.076564e+02 3.488027e+00 8.747565e+00 1.319422e+00 1.193265e+01 3.391977e+00 2.316941e+00 1.140106e+00 2.252247e+00 7.634287e+00 3.357877e+00 3.530885e+00 2.444185e+00 2.199720e+01 2.783252e-01 6.362010e-01 2.445325e-01 1.016616e+00 5.048002e-01 3.581671e-01 4.035972e-01 2.786418e-01 6.662721e-01 7.890956e-01 3.649390e-01 5.360258e-01 2.319996e+00
<GCONST> 1.207011e+02
<STATE> 3
<MEAN> 39
 -3.868260e+00 8.003404e+00 -6.816444e+00 -9.387329e+00 1.372447e+01 -2.152602e+01 -1.098427e+00 -1.686244e+01 -1.112137e+01 -1.084208e+01 -7.877063e+00 -2.707939e+00 8.624194e+01 3.900029e-01 2.358194e-01 -5.612150e-01 3.266740e-01 1.957335e-01 -5.445340e-01 -3.496029e-02 -2.604335e-01 1.673931e-01 -2.670810e-02 -2.759865e-02 -3.899679e-02 9.974034e-02 -1.933761e-01 -2.106790e-01 7.250217e-02 -1.525791e-02 -1.781695e-01 7.972018e-02 -2.555097e-03 1.713170e-01 2.299758e-01 -2.789866e-02 1.098682e-01 -1.119556e-01 4.374241e-02
<VARIANCE> 39
 7.570929e+00 1.203577e+01 3.547669e+01 4.438553e+01 2.999972e+01 3.532994e+01 4.031247e+01 2.304992e+01 3.231503e+01 2.190084e+01 2.570499e+01 2.132500e+01 1.497332e+01 1.233514e+00 2.030110e+00 1.214091e+00 4.052852e+00 4.280319e+00 3.749439e+00 3.867904e+00 2.437927e+00 3.367834e+00 2.473232e+00 2.592334e+00 2.290322e+00 7.397603e-01 1.224024e-01 2.281886e-01 2.458086e-01 5.428742e-01 7.392965e-01 8.057886e-01 5.983267e-01 5.116065e-01 4.884319e-01 5.330135e-01 3.471739e-01 3.192448e-01 1.303421e-01
<GCONST> 1.111798e+02
<STATE> 4
<MEAN> 39
 -1.033453e+01 2.654574e+00 5.842578e+00 2.536613e+00 5.653502e+00 -2.955373e+01 -7.207067e+00 -7.995074e+00 -2.762110e+00 -1.845753e+01 -6.532334e-01 -8.284920e+00 8.821159e+01 -6.679164e-01 7.251136e-02 1.988390e+00 2.552521e-01 -1.512522e-01 -1.618411e-01 4.001391e-01 1.012607e+00 -1.719599e-01 -9.774289e-01 1.852538e-01 4.948955e-02 -5.789493e-01 3.991625e-02 3.698090e-02 -4.741855e-02 -1.263178e-01 1.132566e-01 1.820026e-01 1.868838e-01 -9.685027e-02 -1.083759e-01 1.071972e-01 -4.340709e-02 1.185358e-01 -1.190605e-01
<VARIANCE> 39
 7.967358e+00 1.990912e+01 8.854053e+01 8.653157e+00 1.268478e+01 2.608617e+01 1.615581e+01 4.394242e+01 2.389336e+01 4.283977e+01 1.385313e+01 1.881105e+01 1.356856e+01 2.367269e-01 1.052965e+00 1.171079e+00 7.412534e-01 1.358386e+00 2.768514e+00 1.335764e+00 2.039598e+00 1.318636e+00 2.032872e+00 9.333109e-01 2.001588e+00 6.162847e-01 3.809298e-02 1.726229e-01 2.459704e-01 1.601671e-01 1.753722e-01 6.663049e-01 1.592920e-01 3.076412e-01 2.996882e-01 4.089998e-01 2.200890e-01 4.413525e-01 5.248614e-02
<GCONST> 9.197793e+01
<STATE> 5
<MEAN> 39
 -1.504745e+01 -5.349709e-01 1.411825e+01 9.341470e-01 4.663405e+00 -1.610817e+01 9.453012e-01 -2.132336e+00 -5.179662e+00 -1.290123e+01 -1.749445e+00 -5.276791e+00 7.135646e+01 1.498743e-01 -6.882279e-01 -1.391499e+00 -4.650398e-01 -5.855358e-01 2.051293e+00 2.692687e-02 2.500362e-01 3.501087e-02 1.467080e+00 -1.654018e-01 5.137683e-01 -1.413555e+00 5.398101e-02 1.443994e-03 -1.619707e-01 -7.280900e-02 -7.499854e-02 -3.225299e-02 -1.137132e-01 6.223896e-03 4.401991e-02 2.084750e-03 2.827602e-02 4.438460e-02 7.057653e-02
<VARIANCE> 39
 5.675482e+00 2.892955e+01 8.477830e+01 2.612811e+01 2.786748e+01 1.176908e+02 2.617749e+01 2.976386e+01 2.330476e+01 7.015569e+01 1.316466e+01 2.113303e+01 5.718274e+01 9.542825e-01 1.542708e+00 6.859427e+00 2.458825e+00 1.979948e+00 5.371261e+00 2.556187e+00 1.808736e+00 2.184977e+00 2.898827e+00 1.572005e+00 2.001804e+00 8.681484e-01 1.264197e-01 3.193984e-01 1.235996e+00 4.764723e-01 4.343099e-01 1.042601e+00 4.399557e-01 2.622783e-01 4.434806e-01 5.402398e-01 3.097490e-01 4.358253e-01 1.490269e-01
<GCONST> 1.142416e+02
<TRANSP> 6
 0.000000e+00 1.000000e+00 0.000000e+00 0.000000e+00 0.000000e+00 0.000000e+00
 0.000000e+00 7.368609e-01 2.631391e-01 0.000000e+00 0.000000e+00 0.000000e+00
 0.000000e+00 0.000000e+00 9.515769e-01 4.842314e-02 0.000000e+00 0.000000e+00
 0.000000e+00 0.000000e+00 0.000000e+00 9.313182e-01 6.868181e-02 0.000000e+00
 0.000000e+00 0.000000e+00 0.000000e+00 0.000000e+00 9.258636e-01 7.413642e-02
 0.000000e+00 0.000000e+00 0.000000e+00 0.000000e+00 0.000000e+00 0.000000e+00
<ENDHMM>
