~o
<STREAMINFO> 1 39
<VECSIZE> 39<NULLD><MFCC_D_A_0><DIAGC>
~h "nine"
<BEGINHMM>
<NUMSTATES> 6
<STATE> 2
<MEAN> 39
 -3.250687e+00 6.732174e+00 5.822633e+00 -6.120512e+00 1.271913e+01 -1.571243e+01 3.187244e+00 -1.227978e+01 -1.553859e+01 -5.822815e+00 -5.405381e+00 -3.578263e+00 7.693819e+01 5.094711e-01 -3.680513e-01 -4.729524e-01 -1.834273e+00 -6.629520e-01 -1.524725e+00 1.196093e+00 -3.166862e-01 2.182308e-01 -5.323894e-01 1.509940e+00 7.125134e-02 2.780947e+00 -2.958041e-01 -4.305951e-01 -4.808257e-01 -2.224039e-01 -3.552388e-01 1.655425e-01 9.089487e-02 4.123542e-01 3.516475e-01 -2.784069e-02 2.750365e-01 1.353336e-01 7.130329e-03
<VARIANCE> 39
 9.106086e+00 1.906382e+01 1.106611e+01 4.888483e+01 5.084406e+01 3.067726e+01 4.261623e+01 2.639031e+01 3.809565e+01 1.569768e+01 5.015495e+01 2.000232e+01 6.884839e+01 2.860195e+00 4.321619e+00 3.040398e+00 2.428610e+00 7.999823e+00 3.730809e+00 3.016925e+00 3.905193e+00 5.759035e+00 1.295109e+00 4.896598e+00 2.131447e+00 2.268502e+00 3.066438e-01 5.519572e-01 2.970946e-01 4.818739e-01 1.280979e+00 9.051889e-01 6.242445e-01 5.362423e-01 8.453163e-01 2.412570e-01 8.660305e-01 4.513232e-01 5.809546e-01
<GCONST> 1.228526e+02
<STATE> 3
<MEAN> 39
 -4.088777e+00 -1.592943e+00 -7.229215e+00 -2.017652e+01 7.498815e+00 -1.873987e+01 1.025339e+01 -6.457620e+00 -2.001599e+00 -1.693049e+01 5.929512e+00 2.630139e+00 9.296960e+01 -6.350986e-02 -2.308201e-01 -2.011703e-01 -7.180118e-02 6.016319e-01 -1.313514e-02 -3.517230e-01 1.680966e-01 7.828755e-01 -4.292910e-01 3.441941e-01 -2.705439e-02 -2.833621e-02 -3.980162e-02 4.373318e-02 2.255396e-01 1.609071e-01 7.462637e-02 -9.209131e-02 -1.101118e-01 -7.037075e-02 1.327558e-02 8.116254e-02 -5.253450e-02 -1.580218e-01 -1.323879e-01
<VARIANCE> 39
 2.439157e+00 6.492874e+00 1.605282e+01 8.816971e+00 2.203689e+01 2.270803e+01 1.567750e+01 1.046829e+01 3.701845e+01 3.694956e+01 2.280937e+01 2.025836e+01 2.934591e+00 2.055626e-01 4.702354e-01 1.548399e+00 7.715806e-01 1.269405e+00 2.895562e+00 1.148563e+00 1.044998e+00 1.492580e+00 2.553039e+00 1.892834e+00 2.423461e+00 2.602248e-01 3.218567e-02 8.769464e-02 1.415472e-01 2.095516e-01 2.698444e-01 4.832388e-01 1.492671e-01 1.719594e-01 2.830630e-01 3.548068e-01 4.416424e-01 2.546107e-01 1.165885e-01
<GCONST> 8.426158e+01
<STATE> 4
<MEAN> 39
 -1.021324e+01 -3.592820e+00 7.789085e+00 -1.062254e+01 1.368579e+01 -3.397390e+01 -1.089248e+00 -5.302499e+00 6.874254e+00 -1.602081e+01 8.176683e+00 -7.647222e+00 8.745340e+01 -5.333342e-01 1.549052e-02 1.782988e+00 1.203739e+00 -1.758502e-01 -1.121673e+00 -3.942634e-01 3.430343e-01 -4.672219e-01 -1.155231e-01 -1.001627e+00 -2.628922e-01 -8.142040e-01 8.387443e-03 -2.660413e-02 -5.536985e-02 -3.296888e-02 -4.988639e-02 2.735969e-01 1.360296e-01 4.707089e-02 -2.101984e-01 -5.614929e-02 -8.795438e-02 1.882118e-01 -7.279572e-02
<VARIANCE> 39
 7.991066e+00 5.548687e+00 5.928955e+01 2.786404e+01 1.089112e+01 3.186307e+01 1.009519e+01 1.478977e+01 2.069431e+01 1.050043e+01 3.002630e+01 1.660203e+01 1.373339e+01 2.045085e-01 4.880570e-01 4.851371e-01 5.528219e-01 7.775461e-01 1.797590e+00 1.172044e+00 1.238021e+00 1.691602e+00 1.243198e+00 1.104499e+00 1.621382e+00 2.119694e-01 3.372663e-02 6.592040e-02 6.993502e-02 8.083458e-02 1.440622e-01 1.812872e-01 1.481517e-01 1.996637e-01 1.735567e-01 2.192412e-01 2.323641e-01 1.840505e-01 1.729356e-02
<GCONST> 7.587990e+01
<STATE> 5
<MEAN> 39
 -1.526591e+01 -8.113728e+00 1.586847e+01 -2.190783e+00 4.766308e+00 -2.672820e+01 -1.150114e+00 3.064540e+00 -6.597474e+00 -1.330589e+01 -4.164872e-01 -1.168699e+00 7.276251e+01 1.929810e-02 -1.907807e-01 -1.100378e+00 4.954616e-01 -1.218717e+00 1.986833e+00 -3.327334e-02 5.916512e-01 -5.607161e-01 8.057408e-01 -2.151363e-01 5.054581e-01 -1.387500e+00 6.857756e-02 9.286469e-02 -2.119243e-01 -8.954337e-02 -3.089694e-02 8.466785e-02 -2.591836e-02 -1.367549e-01 1.984618e-01 4.858926e-02 2.304675e-02 -6.274578e-02 1.582439e-02
<VARIANCE> 39
 1.441628e+01 2.576348e+01 4.537025e+01 1.788969e+01 6.076070e+01 9.086929e+01 2.145719e+01 3.542068e+01 4.075979e+01 3.061030e+01 1.697075e+01 3.347134e+01 3.175457e+01 8.538108e-01 1.312319e+00 2.233770e+00 1.281593e+00 2.693142e+00 1.863455e+00 1.829759e+00 2.398163e+00 2.895463e+00 2.004897e+00 1.405463e+00 1.783355e+00 4.067458e-01 1.205110e-01 1.407665e-01 1.998726e-01 3.085064e-01 5.565548e-01 3.033246e-01 3.909706e-01 3.922835e-01 4.049384e-01 3.760611e-01 2.568609e-01 3.164143e-01 4.821752e-02
<GCONST> 1.045676e+02
<TRANSP> 6
 0.000000e+00 1.000000e+00 0.000000e+00 0.000000e+00 0.000000e+00 0.000000e+00
 0.000000e+00 8.967034e-01 1.032966e-01 0.000000e+00 0.000000e+00 0.000000e+00
 0.000000e+00 0.000000e+00 9.470716e-01 5.292844e-02 0.000000e+00 0.000000e+00
 0.000000e+00 0.000000e+00 0.000000e+00 9.210564e-01 7.894361e-02 0.000000e+00
 0.000000e+00 0.000000e+00 0.000000e+00 0.000000e+00 9.222302e-01 7.776985e-02
 0.000000e+00 0.000000e+00 0.000000e+00 0.000000e+00 0.000000e+00 0.000000e+00
<ENDHMM>
