~o
<STREAMINFO> 1 39
<VECSIZE> 39<NULLD><MFCC_D_A_0><DIAGC>
~h "plus"
<BEGINHMM>
<NUMSTATES> 6
<STATE> 2
<MEAN> 39
 -1.124929e+01 -3.785865e+00 -4.825891e+00 -1.182702e+01 -5.949140e+00 -1.120747e+01 3.247105e+00 -1.500401e+01 -8.159856e+00 -9.801662e+00 2.221017e+00 -1.138237e+00 8.536038e+01 8.725730e-01 7.194001e-01 -9.200886e-01 -4.978014e-01 -6.053003e-01 -1.232948e+00 2.809649e-01 -7.654782e-01 -1.157327e+00 -7.090759e-01 -2.054301e-01 1.497530e-01 1.376333e+00 4.917285e-02 2.988738e-02 -6.079099e-02 7.701733e-02 1.284295e-01 1.289055e-02 -7.615595e-02 2.508010e-01 1.337149e-01 1.404705e-01 -1.383121e-01 -3.938350e-02 -4.047583e-01
<VARIANCE> 39
 3.125257e+01 5.942642e+01 1.974632e+01 1.303874e+01 2.130632e+01 5.752527e+01 2.562941e+01 2.654193e+01 5.446021e+01 3.743484e+01 3.174255e+01 1.549595e+01 1.447422e+01 2.433365e+00 5.846430e+00 1.878730e+00 1.618036e+00 1.593072e+00 3.942253e+00 1.599878e+00 2.350934e+00 4.223459e+00 3.174792e+00 3.539356e+00 1.633467e+00 2.588018e+00 5.294618e-01 1.232854e+00 3.579380e-01 3.022988e-01 2.728225e-01 7.541959e-01 3.063541e-01 4.490059e-01 1.037494e+00 6.207291e-01 7.855209e-01 3.168721e-01 6.012900e-01
<GCONST> 1.185554e+02
<STATE> 3
<MEAN> 39
 -3.832846e+00 -5.609232e+00 -1.700377e+01 -1.639732e+01 2.433125e-01 -1.521190e+01 2.770156e+00 -1.306673e+01 -1.158454e+00 -1.260924e+01 3.791792e+00 -2.317387e+00 8.852056e+01 6.153473e-02 -4.854749e-01 -1.095082e-01 -2.172525e-01 5.934045e-01 4.202028e-01 -8.691467e-02 1.129745e-01 1.292514e+00 -1.312480e-01 2.782597e-01 1.957988e-01 -6.083148e-01 -8.024878e-02 1.544859e-01 1.634102e-01 1.611156e-02 -4.324065e-02 5.079284e-02 -3.312565e-02 -8.677099e-02 -7.952430e-02 -3.276991e-02 -7.506422e-03 6.723247e-02 -1.344579e-01
<VARIANCE> 39
 4.101002e+00 1.814800e+01 2.204886e+01 1.320217e+01 2.526483e+01 2.526232e+01 1.759208e+01 1.705351e+01 9.117749e+01 2.817223e+01 3.308519e+01 2.808102e+01 1.558621e+01 4.082698e-01 1.249379e+00 2.135142e+00 6.240126e-01 1.284819e+00 1.415078e+00 1.224195e+00 1.787903e+00 2.180083e+00 1.872422e+00 1.943810e+00 1.755733e+00 6.809172e-01 7.649698e-02 1.595293e-01 2.367295e-01 1.322918e-01 2.572913e-01 2.578535e-01 2.511859e-01 2.662087e-01 3.958053e-01 3.739179e-01 3.091172e-01 2.645983e-01 7.650821e-02
<GCONST> 9.422757e+01
<STATE> 4
<MEAN> 39
 -1.256206e+01 -3.709021e+00 -4.754458e+00 -1.928114e+01 5.592264e+00 -9.175904e+00 -4.417725e-01 -1.479174e+01 4.012577e+00 -1.056366e+01 6.954340e+00 1.562225e+00 7.669712e+01 -2.873697e+00 -1.911176e-01 2.147705e+00 -2.440507e-01 3.307338e-03 8.308075e-01 -3.289112e-01 1.178689e+00 -9.029807e-01 1.643842e+00 -3.464659e-01 -6.830488e-01 4.438665e-01 -4.913545e-01 -2.577430e-01 -9.044583e-02 1.073186e-01 -1.129193e-01 1.362479e-02 2.163706e-01 4.226377e-01 4.087360e-02 1.334600e-01 -1.234748e-01 -1.893256e-01 5.477299e-01
<VARIANCE> 39
 4.499258e+01 2.121522e+01 4.234600e+01 1.223173e+01 1.747900e+01 2.852238e+01 2.627617e+01 2.830538e+01 5.764373e+01 6.087693e+01 2.176755e+01 3.520491e+01 2.257244e+01 4.708041e+00 4.217521e+00 1.567105e+00 1.164891e+00 2.839343e+00 2.123473e+00 3.013695e+00 4.572231e+00 3.506734e+00 6.520288e+00 1.718911e+00 2.751655e+00 5.596578e+00 5.435932e-01 7.277480e-01 3.618123e-01 2.112465e-01 6.009185e-01 4.494560e-01 5.433837e-01 5.347129e-01 6.876215e-01 1.357196e+00 3.237480e-01 4.673132e-01 5.074472e-01
<GCONST> 1.212693e+02
<STATE> 5
<MEAN> 39
 -3.304084e+01 -5.795038e+00 2.781445e+00 -1.675038e+01 7.942781e+00 -7.646587e+00 2.914066e+00 -4.263538e+00 1.240286e+00 -3.103473e+00 1.845539e+00 -4.163474e+00 8.351788e+01 3.310971e-01 2.151386e-01 5.036019e-02 3.094913e-01 1.165430e-01 -1.182056e-01 3.889600e-02 6.460126e-02 -1.696659e-01 -3.649011e-03 -2.441953e-01 4.797797e-02 -7.914705e-01 2.523596e-01 3.568535e-02 -6.512334e-02 2.674180e-02 1.042612e-03 -1.163041e-02 -5.966974e-02 -6.228973e-02 -6.656326e-02 -2.441835e-02 -5.626842e-03 5.547175e-02 -1.730332e-01
<VARIANCE> 39
 3.581907e+01 6.885473e+00 1.137256e+01 1.384002e+01 1.781689e+01 1.680857e+01 1.575429e+01 1.211915e+01 1.114156e+01 9.140589e+00 9.055307e+00 7.126141e+00 4.665869e+01 3.336020e+00 6.342641e-01 7.413432e-01 8.734733e-01 1.454491e+00 1.399854e+00 1.558204e+00 1.571195e+00 1.241796e+00 1.325659e+00 9.473110e-01 7.372117e-01 2.250729e+00 3.631387e-01 1.429853e-01 1.330154e-01 1.548478e-01 2.432774e-01 2.427520e-01 2.780452e-01 3.534088e-01 2.321358e-01 3.426762e-01 1.866643e-01 1.310597e-01 1.466417e-01
<GCONST> 8.855156e+01
<TRANSP> 6
 0.000000e+00 1.000000e+00 0.000000e+00 0.000000e+00 0.000000e+00 0.000000e+00
 0.000000e+00 9.129329e-01 8.706705e-02 0.000000e+00 0.000000e+00 0.000000e+00
 0.000000e+00 0.000000e+00 9.433303e-01 5.666972e-02 0.000000e+00 0.000000e+00
 0.000000e+00 0.000000e+00 0.000000e+00 8.695507e-01 1.304493e-01 0.000000e+00
 0.000000e+00 0.000000e+00 0.000000e+00 0.000000e+00 9.585107e-01 4.148932e-02
 0.000000e+00 0.000000e+00 0.000000e+00 0.000000e+00 0.000000e+00 0.000000e+00
<ENDHMM>
