~o
<STREAMINFO> 1 39
<VECSIZE> 39<NULLD><MFCC_D_A_0><DIAGC>
~h "sil"
<BEGINHMM>
<NUMSTATES> 6
<STATE> 2
<MEAN> 39
 -1.558959e+01 -3.384677e+00 -4.509544e-01 -4.583960e+00 1.939487e+00 -3.063221e+00 -2.112106e+00 -3.654637e+00 -3.734619e+00 -2.724193e+00 -6.043773e-02 -1.837448e+00 6.193969e+01 2.888220e-02 -4.307815e-03 -7.671049e-02 9.907292e-02 -1.109376e-01 1.220446e-01 -1.894613e-02 -5.402276e-03 3.844348e-02 -4.480717e-02 -7.179958e-02 -3.127758e-02 -9.186134e-02 1.657075e-02 -6.558553e-03 4.627860e-03 2.257006e-02 -3.601970e-02 -2.707178e-02 -2.745250e-03 -1.743316e-02 3.704141e-02 -4.427880e-03 5.728723e-03 -1.199082e-02 2.856692e-02
<VARIANCE> 39
 2.263396e+01 2.433009e+01 3.644908e+01 4.175514e+01 2.544661e+01 3.075200e+01 2.353622e+01 3.408661e+01 2.444524e+01 2.036871e+01 2.330864e+01 2.011572e+01 1.684875e+01 1.253826e+00 1.328822e+00 1.642342e+00 2.032828e+00 2.148378e+00 2.224844e+00 2.160845e+00 2.202933e+00 2.124615e+00 2.001507e+00 1.599078e+00 1.531716e+00 1.695567e+00 2.225727e-01 2.330565e-01 2.953383e-01 3.431465e-01 4.018647e-01 3.937954e-01 4.143864e-01 4.082884e-01 4.180042e-01 3.912037e-01 3.039666e-01 2.944198e-01 3.212729e-01
<GCONST> 1.073348e+02
<STATE> 3
<MEAN> 39
 -1.551853e+01 -2.474358e+00 -1.245171e+00 -3.222754e+00 -4.564147e-01 -3.540809e+00 -2.004244e+00 -3.049858e+00 -2.188877e+00 -2.760987e+00 -1.325257e+00 -2.205239e+00 5.995486e+01 2.770051e-02 -3.523840e-02 3.561295e-03 2.487124e-02 -2.581460e-02 -1.850402e-03 2.787140e-02 -1.030106e-02 3.314268e-02 -2.703658e-02 -8.838923e-03 -1.955129e-02 5.101704e-02 1.491944e-03 -2.330918e-03 9.599115e-03 -1.439403e-02 9.013820e-03 -3.572594e-03 -8.456295e-03 6.078095e-05 -1.327503e-02 6.613705e-03 4.411103e-03 2.071743e-03 1.092249e-02
<VARIANCE> 39
 5.861406e+00 4.565435e+00 7.222657e+00 1.011187e+01 8.873522e+00 1.080650e+01 1.025312e+01 1.277623e+01 1.090325e+01 1.074959e+01 1.073008e+01 9.508156e+00 3.735330e+00 1.699424e-01 2.227064e-01 3.908582e-01 6.102603e-01 8.154995e-01 9.133086e-01 1.044303e+00 1.086114e+00 1.146054e+00 1.083754e+00 1.051078e+00 9.085426e-01 8.218602e-02 3.327923e-02 4.536173e-02 8.114080e-02 1.201494e-01 1.622026e-01 1.872610e-01 2.195203e-01 2.213742e-01 2.343145e-01 2.268757e-01 2.209556e-01 1.882328e-01 1.326628e-02
<GCONST> 6.411442e+01
<STATE> 4
<MEAN> 39
 -1.427737e+01 -4.354638e+00 -1.122149e+00 -2.802505e+00 -2.313210e+00 -2.472761e+00 -3.123582e+00 -1.721821e+00 -3.032241e+00 -1.951391e+00 -2.399539e+00 -1.562002e+00 5.905268e+01 -3.832882e-03 3.002910e-03 -8.534875e-03 1.096215e-02 -2.143013e-02 2.230763e-02 -2.491110e-02 9.167970e-03 -4.458434e-03 2.130340e-02 4.790000e-04 9.874390e-03 -3.822399e-02 6.270613e-04 3.626652e-03 4.542964e-03 -2.593217e-03 9.415694e-03 -3.728787e-03 6.212156e-03 5.681367e-03 -1.086444e-03 2.103782e-04 2.803503e-04 1.015620e-03 5.095063e-03
<VARIANCE> 39
 1.933798e+00 2.325386e+00 2.866582e+00 4.735173e+00 5.257748e+00 6.305009e+00 7.062209e+00 7.681437e+00 7.845299e+00 7.720898e+00 7.167885e+00 6.599432e+00 1.546591e+00 6.302006e-02 1.302797e-01 2.304574e-01 3.468051e-01 4.641967e-01 5.796514e-01 6.737796e-01 7.533800e-01 7.772053e-01 7.973339e-01 7.348848e-01 6.354262e-01 1.981411e-02 1.290672e-02 2.695980e-02 4.831468e-02 7.134765e-02 9.569246e-02 1.197980e-01 1.388993e-01 1.554139e-01 1.603605e-01 1.649988e-01 1.531104e-01 1.275779e-01 3.917554e-03
<GCONST> 4.215063e+01
<STATE> 5
<MEAN> 39
 -1.531949e+01 -2.431592e+00 5.526744e-01 -4.626160e+00 1.996912e+00 -4.203049e+00 -9.612073e-01 -3.430366e+00 -2.725851e+00 -2.944764e+00 -1.225610e+00 -2.755040e+00 6.397208e+01 5.368755e-02 4.226022e-02 3.556063e-01 -5.525072e-01 5.143028e-01 -6.036710e-01 1.662420e-01 -3.873787e-01 -1.634233e-01 -1.840597e-01 6.339528e-03 -2.492686e-01 1.232099e+00 1.682883e-02 6.555961e-03 3.717481e-02 -9.639147e-02 3.711262e-02 -1.614068e-01 2.389199e-03 -1.161182e-01 -2.902978e-02 -1.187464e-01 2.030464e-02 -6.763747e-02 3.079464e-01
<VARIANCE> 39
 2.235421e+01 2.793512e+01 2.604003e+01 4.178518e+01 2.800138e+01 4.041354e+01 2.279030e+01 2.829687e+01 2.528367e+01 2.029498e+01 2.167431e+01 1.535670e+01 4.221720e+01 2.709897e+00 3.188201e+00 2.734256e+00 3.610139e+00 3.108305e+00 4.412096e+00 2.434056e+00 2.645688e+00 2.887653e+00 2.630370e+00 2.386452e+00 1.548838e+00 6.534329e+00 4.422914e-01 5.364103e-01 4.975046e-01 6.580014e-01 5.700514e-01 7.593557e-01 5.008403e-01 4.788418e-01 4.794961e-01 4.890453e-01 4.267602e-01 2.887582e-01 9.866830e-01
<GCONST> 1.201588e+02
<TRANSP> 6
 0.000000e+00 6.148810e-01 3.851190e-01 0.000000e+00 0.000000e+00 0.000000e+00
 0.000000e+00 9.221149e-01 7.548380e-02 2.401339e-03 0.000000e+00 0.000000e+00
 0.000000e+00 0.000000e+00 9.508434e-01 3.272985e-02 1.642675e-02 0.000000e+00
 0.000000e+00 0.000000e+00 0.000000e+00 9.706857e-01 1.085257e-02 1.846174e-02
 0.000000e+00 0.000000e+00 0.000000e+00 0.000000e+00 8.972337e-01 1.027662e-01
 0.000000e+00 0.000000e+00 0.000000e+00 0.000000e+00 0.000000e+00 0.000000e+00
<ENDHMM>
