~o
<STREAMINFO> 1 39
<VECSIZE> 39<NULLD><MFCC_D_A_0><DIAGC>
~h "one"
<BEGINHMM>
<NUMSTATES> 6
<STATE> 2
<MEAN> 39
 -4.895784e+00 1.075691e+01 1.260643e+00 -1.334551e+01 -4.817514e+00 -1.783315e+01 -2.147523e+00 -4.088182e+00 -6.238127e+00 -9.123708e+00 -5.545413e+00 -9.043730e+00 8.102184e+01 6.827380e-01 -8.413969e-01 -1.010705e+00 -3.327342e-01 -9.390145e-01 -3.994048e-02 -1.402195e-02 1.788783e-01 2.067741e-01 -7.671396e-02 -1.599547e-01 3.336750e-01 2.466220e+00 -2.108657e-01 -3.448285e-01 -1.765991e-01 1.321718e-01 1.771643e-01 3.007394e-01 1.202352e-01 1.317363e-01 2.244676e-01 1.199261e-01 1.049027e-01 1.451546e-01 -1.542038e-01
<VARIANCE> 39
 1.974548e+01 5.237903e+01 2.885575e+01 4.848742e+01 6.285809e+01 6.311932e+01 6.014859e+01 2.467749e+01 2.584050e+01 4.371583e+01 2.312550e+01 2.933652e+01 9.230862e+01 1.734091e+00 8.786765e+00 2.820602e+00 3.509067e+00 5.671779e+00 6.342340e+00 2.973322e+00 2.087224e+00 3.949394e+00 5.217345e+00 2.081917e+00 2.455853e+00 2.827817e+00 2.954821e-01 1.510115e+00 5.516634e-01 6.884344e-01 1.096919e+00 9.709491e-01 5.146724e-01 3.748147e-01 7.319782e-01 1.001232e+00 4.970929e-01 3.663308e-01 5.443906e-01
<GCONST> 1.296668e+02
<STATE> 3
<MEAN> 39
 -5.862387e+00 2.859874e+00 -5.738211e+00 -1.520873e+01 -1.804906e+00 -1.297007e+01 1.587190e+00 -1.633297e+00 -4.413537e+00 -1.279308e+01 4.621985e+00 1.436404e-02 9.299277e+01 -4.346454e-01 4.935679e-01 3.802802e-01 7.555746e-02 1.192195e+00 -1.135176e-01 2.911848e-01 -4.734558e-01 -4.915929e-01 -3.715954e-01 1.857731e+00 1.341205e-01 -3.662643e-01 1.773187e-03 1.899962e-01 2.250243e-01 1.468961e-01 1.401527e-01 -2.400477e-02 -1.122199e-01 -1.374705e-01 -8.548677e-02 9.389309e-02 -1.573230e-01 -1.359939e-01 -2.611370e-01
<VARIANCE> 39
 5.372548e+00 1.242048e+01 1.583462e+01 1.132567e+01 3.598045e+01 2.356402e+01 3.309402e+01 3.121683e+01 4.668027e+01 3.080567e+01 9.801299e+01 2.363919e+01 4.522958e+00 1.770122e-01 8.542873e-01 1.215357e+00 1.418418e+00 1.757379e+00 2.030671e+00 1.475139e+00 2.670862e+00 2.144647e+00 2.897248e+00 3.536868e+00 2.752737e+00 6.366912e-01 4.462568e-02 1.945672e-01 1.885315e-01 3.355560e-01 2.790006e-01 5.042629e-01 1.790828e-01 4.258259e-01 4.831277e-01 5.254990e-01 1.025287e+00 3.372487e-01 1.000392e-01
<GCONST> 9.945158e+01
<STATE> 4
<MEAN> 39
 -7.747220e+00 5.286651e+00 3.882391e+00 -5.934118e+00 1.678447e+01 -1.033740e+01 -3.057292e+00 -7.541988e+00 -4.555442e+00 -7.612318e+00 6.520728e+00 -5.307166e+00 7.761160e+01 2.971728e-01 -5.197091e-01 5.653324e-01 1.093212e+00 6.460220e-01 7.532403e-01 -5.674449e-01 -1.948968e-02 3.004571e-01 6.553749e-01 -1.366850e+00 -1.283950e-01 -1.524842e+00 6.839627e-02 -1.263226e-01 -2.090353e-01 -7.870672e-02 -3.555464e-01 -5.477955e-02 3.059911e-02 9.537742e-02 -8.751584e-03 -4.764941e-02 9.707182e-02 5.401427e-02 1.059056e-01
<VARIANCE> 39
 1.616578e+01 1.476277e+01 1.653416e+01 2.912229e+01 4.063507e+01 3.878522e+01 2.498099e+01 2.283967e+01 5.948409e+01 2.786065e+01 7.671143e+01 1.382115e+01 3.022200e+01 6.101837e-01 6.081159e-01 1.399475e+00 3.361548e+00 4.312058e+00 2.231500e+00 1.793452e+00 2.303580e+00 2.022914e+00 2.154093e+00 3.733680e+00 9.778380e-01 1.273652e+00 1.174433e-01 1.421126e-01 2.159519e-01 6.728398e-01 6.167057e-01 4.263408e-01 3.216826e-01 3.964505e-01 3.481721e-01 3.879291e-01 7.570632e-01 1.426592e-01 2.005362e-01
<GCONST> 1.068233e+02
<STATE> 5
<MEAN> 39
 -5.674401e+00 8.463096e-01 4.011639e+00 3.265253e+00 8.560564e+00 -3.338189e+00 -6.552163e+00 -6.941308e+00 -5.370276e+00 -1.466414e+00 1.012431e+00 -5.357864e+00 6.693842e+01 -3.849485e-01 -3.195854e-01 -2.039842e-01 3.066874e-01 -7.558594e-01 4.971760e-01 1.083836e-01 2.946635e-01 8.628113e-02 3.918324e-01 -2.322340e-01 6.526727e-02 -6.811538e-01 -7.358198e-02 1.868210e-02 3.657314e-02 -1.170564e-01 1.139110e-01 -3.902517e-02 5.378678e-02 2.359226e-02 1.895045e-02 -5.056214e-02 6.186543e-03 2.857879e-02 4.732346e-02
<VARIANCE> 39
 1.565165e+01 1.952320e+01 1.634782e+01 8.286398e+00 2.795047e+01 1.847492e+01 2.530256e+01 2.114506e+01 1.986286e+01 5.436307e+01 2.469039e+01 2.081018e+01 1.469882e+01 6.576487e-01 7.043053e-01 9.334760e-01 9.750786e-01 1.671346e+00 1.481651e+00 1.792719e+00 1.687402e+00 1.465255e+00 1.979861e+00 1.247022e+00 1.547640e+00 2.089742e-01 7.990326e-02 1.167844e-01 1.431563e-01 1.408658e-01 2.585886e-01 2.948693e-01 2.920936e-01 3.487507e-01 2.704959e-01 3.473600e-01 2.578184e-01 3.178754e-01 3.471947e-02
<GCONST> 9.039554e+01
<TRANSP> 6
 0.000000e+00 1.000000e+00 0.000000e+00 0.000000e+00 0.000000e+00 0.000000e+00
 0.000000e+00 8.927509e-01 1.072491e-01 0.000000e+00 0.000000e+00 0.000000e+00
 0.000000e+00 0.000000e+00 9.222891e-01 7.771090e-02 0.000000e+00 0.000000e+00
 0.000000e+00 0.000000e+00 0.000000e+00 9.111099e-01 8.889014e-02 0.000000e+00
 0.000000e+00 0.000000e+00 0.000000e+00 0.000000e+00 9.245731e-01 7.542688e-02
 0.000000e+00 0.000000e+00 0.000000e+00 0.000000e+00 0.000000e+00 0.000000e+00
<ENDHMM>
