~o
<STREAMINFO> 1 39
<VECSIZE> 39<NULLD><MFCC_D_A_0><DIAGC>
~h "six"
<BEGINHMM>
<NUMSTATES> 6
<STATE> 2
<MEAN> 39
 -3.054886e+01 -5.335958e+00 3.619378e+00 -1.631821e+01 7.357396e+00 -1.063794e+01 2.792174e+00 -7.349936e+00 2.465247e+00 -2.808260e+00 1.640656e+00 -4.341002e+00 8.660565e+01 -2.036666e-01 2.127659e-01 9.174950e-02 -3.069019e-01 1.965755e-01 -8.018295e-01 -1.713679e-01 -3.636933e-01 -1.091811e-01 -3.172946e-01 -9.046029e-02 -2.780993e-01 1.116127e+00 3.912654e-01 1.237813e-01 -1.024824e-01 2.503078e-01 -1.259928e-01 -1.181606e-01 -2.156527e-01 -4.606957e-02 -1.556577e-01 -5.332837e-02 -9.725264e-02 -8.162718e-02 -1.588650e-01
<VARIANCE> 39
 6.336658e+01 1.676167e+01 2.727180e+01 1.814738e+01 2.492166e+01 2.059490e+01 2.415067e+01 2.367660e+01 1.983068e+01 1.810036e+01 1.133433e+01 1.067748e+01 4.404237e+01 7.659261e+00 1.526461e+00 2.820468e+00 2.617522e+00 2.105248e+00 2.454814e+00 3.883704e+00 2.924747e+00 2.438788e+00 1.874474e+00 1.593950e+00 1.549100e+00 2.169130e+00 6.004793e-01 3.086629e-01 5.498349e-01 4.047074e-01 3.464549e-01 4.663182e-01 3.991231e-01 4.755493e-01 3.228566e-01 3.727485e-01 2.472325e-01 2.634494e-01 1.942288e-01
<GCONST> 1.104716e+02
<STATE> 3
<MEAN> 39
 -1.106168e+01 -3.930969e+00 2.133399e+00 -2.332932e+00 2.297737e+00 -2.450664e+01 -8.427242e+00 -7.158745e+00 -6.261386e+00 -7.068202e+00 -3.039479e+00 -4.798769e+00 8.007719e+01 4.471006e-01 -7.785138e-02 -2.746406e-01 6.824505e-01 -3.119406e-01 5.463488e-01 -1.305027e-02 5.308864e-01 5.505094e-03 1.831346e-01 -2.443361e-02 3.143296e-01 -1.347193e+00 -3.499567e-01 -8.005893e-02 -5.702608e-02 -2.396519e-01 1.898637e-01 1.535009e-01 1.689160e-01 5.171142e-02 1.760237e-01 9.759013e-02 8.935419e-02 2.321072e-02 1.184492e-01
<VARIANCE> 39
 7.455444e+00 1.715617e+01 1.719420e+01 2.437224e+01 2.731352e+01 1.120804e+02 2.346062e+01 4.281742e+01 1.133185e+01 1.948370e+01 2.022035e+01 2.127524e+01 1.694340e+02 3.078353e+00 1.613077e+00 2.036445e+00 2.054094e+00 2.888614e+00 9.217946e+00 2.855745e+00 2.498622e+00 1.654946e+00 2.459462e+00 2.104340e+00 1.873297e+00 3.775554e+00 4.829831e-01 3.432988e-01 4.505968e-01 3.855330e-01 6.271180e-01 1.296332e+00 4.948765e-01 6.256896e-01 2.844704e-01 5.163371e-01 4.581195e-01 4.522409e-01 7.234508e-01
<GCONST> 1.177411e+02
<STATE> 4
<MEAN> 39
 -2.066951e+01 -8.579190e+00 -2.684418e+00 -1.190147e+01 9.954595e+00 -1.023962e+01 -7.011515e+00 -8.463236e+00 6.525884e-01 -9.969754e-01 6.031311e-01 -5.809312e+00 8.188014e+01 -2.727038e+00 -6.366258e-01 2.556340e-01 -2.325424e+00 1.573747e+00 -1.688929e-01 3.799726e-01 -8.322127e-01 1.240455e+00 3.452900e-01 8.816375e-01 -4.323125e-01 4.393908e+00 -1.322825e-01 1.344180e-01 3.656804e-01 2.581085e-01 -4.351022e-01 1.127681e-01 3.131608e-01 3.525333e-01 -2.246058e-02 -1.339709e-01 -9.358312e-02 1.314757e-01 -2.824472e-01
<VARIANCE> 39
 4.638935e+01 1.568173e+01 2.627676e+01 5.988823e+01 4.802798e+01 3.133128e+01 1.482955e+01 2.834079e+01 2.603735e+01 9.698791e+00 2.250484e+01 1.237904e+01 1.619725e+02 1.549372e+00 1.539142e+00 5.263156e+00 5.824558e+00 7.451072e+00 3.099051e+00 2.468171e+00 3.906027e+00 1.940239e+00 1.069892e+00 2.270783e+00 1.597494e+00 6.692659e+00 4.051572e-01 2.794313e-01 7.884741e-01 1.164142e+00 1.259196e+00 6.291658e-01 4.494162e-01 6.579982e-01 4.786064e-01 1.923144e-01 4.860816e-01 2.949908e-01 2.447494e+00
<GCONST> 1.217032e+02
<STATE> 5
<MEAN> 39
 -3.070266e+01 -5.366041e+00 3.842070e+00 -1.777651e+01 1.008134e+01 -9.394696e+00 2.452978e+00 -4.548199e+00 4.053022e-01 -1.988562e+00 2.224310e+00 -4.278613e+00 8.484190e+01 5.719236e-01 2.285252e-01 4.354775e-02 3.171491e-01 -1.835826e-01 1.098056e-01 3.468969e-02 2.761174e-01 -3.980138e-01 7.854906e-02 -2.648319e-01 1.227627e-01 -1.143245e+00 1.278234e-01 -2.378657e-02 -5.460691e-02 9.702094e-02 5.040652e-03 2.040121e-02 -1.082284e-01 -3.040442e-02 -2.684408e-02 -3.542726e-03 -2.193044e-02 -2.146680e-02 -6.345447e-02
<VARIANCE> 39
 5.703938e+01 7.675622e+00 1.185865e+01 2.286368e+01 1.303258e+01 1.442458e+01 2.204988e+01 1.521159e+01 1.842479e+01 9.921495e+00 1.323596e+01 8.903013e+00 1.177957e+02 2.197437e+00 7.407752e-01 1.134205e+00 1.646980e+00 1.248890e+00 1.092344e+00 1.695036e+00 1.472692e+00 1.140595e+00 1.249687e+00 1.173010e+00 8.183637e-01 1.579521e+00 2.598118e-01 1.483546e-01 2.172139e-01 2.189084e-01 2.456210e-01 2.290563e-01 2.481701e-01 2.729224e-01 2.659274e-01 2.656498e-01 2.095243e-01 1.593867e-01 1.623681e-01
<GCONST> 9.252900e+01
<TRANSP> 6
 0.000000e+00 1.000000e+00 0.000000e+00 0.000000e+00 0.000000e+00 0.000000e+00
 0.000000e+00 9.485649e-01 5.143515e-02 0.000000e+00 0.000000e+00 0.000000e+00
 0.000000e+00 0.000000e+00 9.520367e-01 4.796337e-02 0.000000e+00 0.000000e+00
 0.000000e+00 0.000000e+00 0.000000e+00 8.607450e-01 1.392550e-01 0.000000e+00
 0.000000e+00 0.000000e+00 0.000000e+00 0.000000e+00 9.639351e-01 3.606491e-02
 0.000000e+00 0.000000e+00 0.000000e+00 0.000000e+00 0.000000e+00 0.000000e+00
<ENDHMM>
