~o
<STREAMINFO> 1 39
<VECSIZE> 39<NULLD><MFCC_D_A_0><DIAGC>
~h "minus"
<BEGINHMM>
<NUMSTATES> 6
<STATE> 2
<MEAN> 39
 -2.269066e+00 7.855181e+00 -9.707657e-01 -1.342407e+01 5.120290e+00 -1.436406e+01 2.820149e+00 -8.242625e+00 -2.127306e+01 -1.778871e+01 -1.274072e+01 -5.602725e+00 7.690401e+01 1.194107e+00 -6.452225e-01 -2.137043e+00 -1.625286e+00 -1.810361e+00 -2.446306e+00 5.323775e-01 -9.418945e-01 4.381149e-01 -1.435612e+00 2.248463e+00 3.575740e-01 3.842791e+00 -7.261366e-01 -9.676994e-01 -4.614213e-01 1.508264e-01 -3.249813e-01 3.519443e-01 -1.538104e-02 9.423845e-02 8.448458e-01 8.067403e-01 8.096691e-01 3.394372e-01 -4.669012e-02
<VARIANCE> 39
 9.192181e+00 1.660249e+01 3.255124e+01 3.049783e+01 5.331046e+01 5.809139e+01 1.496079e+01 2.795055e+01 6.052036e+01 2.306494e+01 7.139114e+01 2.203137e+01 5.539571e+01 3.670656e+00 6.885775e+00 3.724813e+00 2.631258e+00 5.075362e+00 4.614090e+00 1.968676e+00 1.756201e+00 1.279787e+01 6.573273e+00 1.066793e+01 2.802004e+00 2.735178e+00 2.662657e-01 5.962407e-01 7.064951e-01 6.381949e-01 1.067844e+00 1.504416e+00 3.279981e-01 4.078037e-01 1.852193e+00 8.486161e-01 2.087677e+00 5.804796e-01 5.745883e-01
<GCONST> 1.309541e+02
<STATE> 3
<MEAN> 39
 -6.657883e+00 1.363284e+00 -4.035788e+00 -1.169435e+01 2.479019e+00 -2.220725e+01 -2.883991e+00 -1.198932e+01 -1.153806e+01 -1.152428e+01 -9.173186e-01 -1.113527e+01 8.773512e+01 -1.173438e-01 -1.690356e-02 1.668721e-01 1.120944e-01 3.129843e-01 -1.274587e-02 -3.071825e-01 -7.923793e-02 1.332702e-01 4.446793e-01 3.891815e-01 -5.793125e-02 4.003159e-02 4.945174e-02 2.241568e-02 5.043487e-02 -6.310053e-03 6.025076e-02 -2.230077e-03 -1.436655e-02 6.179317e-02 -1.506208e-02 2.078731e-02 -1.724187e-02 3.635918e-02 -7.121823e-02
<VARIANCE> 39
 1.048289e+01 3.486182e+01 7.287766e+01 2.380487e+01 1.852995e+01 7.895958e+01 3.768380e+01 1.726024e+01 2.423338e+01 3.304649e+01 3.586630e+01 3.480682e+01 4.693950e+01 1.325836e+00 2.672335e+00 2.828849e+00 1.419206e+00 1.346947e+00 7.242290e+00 1.542136e+00 1.870227e+00 1.593065e+00 2.779652e+00 4.752823e+00 2.264236e+00 2.828056e+00 2.729906e-01 3.948544e-01 3.485295e-01 2.615758e-01 3.079821e-01 1.192110e+00 2.739053e-01 3.930118e-01 3.068088e-01 4.161490e-01 7.686803e-01 3.093626e-01 3.842326e-01
<GCONST> 1.150581e+02
<STATE> 4
<MEAN> 39
 -9.122531e+00 -2.144300e+00 1.003349e+00 -1.450309e+01 7.146379e+00 -1.635670e+01 -4.712365e+00 -1.089713e+01 -9.812964e+00 -4.969140e+00 9.873850e+00 1.297572e+00 8.572474e+01 -1.122658e+00 -4.052735e-01 6.540311e-01 -1.932833e-01 -1.150978e-01 8.412119e-01 1.194761e-01 2.543475e-01 5.877462e-01 -6.535514e-03 -3.668396e-01 -5.411129e-02 -1.388384e-01 -2.931542e-01 7.123139e-03 4.157452e-04 -1.829543e-02 -8.194538e-02 3.674212e-02 5.650214e-02 1.644436e-02 8.231825e-02 -4.633687e-02 -1.207914e-01 -1.613648e-01 6.987441e-02
<VARIANCE> 39
 3.230703e+01 3.436607e+01 3.838742e+01 1.184179e+01 1.254119e+01 4.298158e+01 3.066390e+01 1.680603e+01 2.572768e+01 2.529943e+01 2.659068e+01 2.357977e+01 2.323870e+01 4.166256e+00 4.177325e+00 1.303298e+00 1.060827e+00 1.385523e+00 1.875601e+00 1.427093e+00 1.749129e+00 3.759700e+00 1.891893e+00 1.674531e+00 3.153505e+00 1.861102e+00 3.922283e-01 7.275714e-01 3.218282e-01 2.157476e-01 2.802259e-01 3.494059e-01 2.616807e-01 2.962272e-01 5.550123e-01 3.597354e-01 3.131794e-01 3.098573e-01 2.672063e-01
<GCONST> 1.086404e+02
<STATE> 5
<MEAN> 39
 -3.261037e+01 -6.163891e+00 3.185297e+00 -1.759105e+01 8.419823e+00 -8.518328e+00 2.689091e+00 -3.924745e+00 2.072273e+00 -3.135446e+00 2.805145e+00 -5.140182e+00 8.399709e+01 2.779944e-01 1.594481e-01 -1.864677e-01 1.606447e-01 -1.625061e-02 -6.438994e-02 1.515641e-01 2.437706e-01 -1.084355e-01 1.293080e-01 -1.759708e-01 1.300224e-01 -9.096661e-01 2.522651e-01 5.500147e-02 -1.142893e-02 9.855771e-02 2.666727e-02 1.360213e-02 -7.076124e-02 -8.449688e-03 -1.332848e-01 1.977317e-02 -3.056288e-02 8.213519e-02 -1.532349e-01
<VARIANCE> 39
 2.681265e+01 1.711897e+01 1.869017e+01 1.882201e+01 2.163803e+01 1.696484e+01 1.814955e+01 1.924062e+01 1.521106e+01 1.063642e+01 1.139512e+01 1.288660e+01 6.168717e+01 3.039851e+00 9.847423e-01 1.324483e+00 1.679797e+00 1.737961e+00 1.459453e+00 1.256685e+00 1.557767e+00 1.061883e+00 8.907486e-01 9.131428e-01 8.488065e-01 2.007921e+00 3.049104e-01 2.039489e-01 2.031790e-01 2.707036e-01 3.085174e-01 3.175803e-01 2.218315e-01 2.550086e-01 2.097095e-01 1.611105e-01 1.654040e-01 1.836990e-01 1.784711e-01
<GCONST> 9.403543e+01
<TRANSP> 6
 0.000000e+00 1.000000e+00 0.000000e+00 0.000000e+00 0.000000e+00 0.000000e+00
 0.000000e+00 8.181078e-01 1.818922e-01 0.000000e+00 0.000000e+00 0.000000e+00
 0.000000e+00 0.000000e+00 9.676875e-01 3.231249e-02 0.000000e+00 0.000000e+00
 0.000000e+00 0.000000e+00 0.000000e+00 9.430660e-01 5.693397e-02 0.000000e+00
 0.000000e+00 0.000000e+00 0.000000e+00 0.000000e+00 9.601439e-01 3.985612e-02
 0.000000e+00 0.000000e+00 0.000000e+00 0.000000e+00 0.000000e+00 0.000000e+00
<ENDHMM>
