~o
<STREAMINFO> 1 39
<VECSIZE> 39<NULLD><MFCC_D_A_0><DIAGC>
~h "seven"
<BEGINHMM>
<NUMSTATES> 6
<STATE> 2
<MEAN> 39
 -2.639270e+01 -7.994837e+00 3.044676e+00 -2.050558e+01 1.056327e+01 -1.536601e+01 4.630056e+00 -8.414915e+00 3.885550e+00 -3.612627e+00 1.882638e+00 -4.558620e+00 8.751934e+01 -5.207883e-02 2.461902e-01 4.306996e-02 2.804053e-02 2.651897e-01 -7.992237e-01 -6.453226e-02 -5.365090e-01 -1.731591e-01 -3.843531e-01 6.562254e-02 -1.777444e-01 1.158722e+00 2.492356e-01 1.859155e-01 -1.537353e-01 2.082122e-01 -1.901462e-01 -1.285185e-02 -2.021057e-01 1.873829e-02 -1.722209e-01 -5.016358e-02 -2.305636e-02 6.773883e-02 -1.594112e-01
<VARIANCE> 39
 6.254634e+01 1.776996e+01 1.702279e+01 2.461301e+01 2.788840e+01 3.021914e+01 3.234000e+01 2.028384e+01 1.133310e+01 1.654531e+01 1.265714e+01 1.027839e+01 4.025491e+01 8.328942e+00 2.847562e+00 2.198282e+00 3.315375e+00 2.961920e+00 2.659606e+00 4.484714e+00 3.405962e+00 2.418694e+00 1.946212e+00 1.433782e+00 1.342145e+00 2.887780e+00 6.990326e-01 4.732456e-01 3.855538e-01 4.716911e-01 2.637298e-01 4.751597e-01 4.401034e-01 6.021042e-01 3.553078e-01 3.825099e-01 3.025213e-01 2.930152e-01 2.568502e-01
<GCONST> 1.129616e+02
<STATE> 3
<MEAN> 39
 -6.329758e+00 3.129337e-02 -5.673597e+00 -1.470493e+01 5.886601e-01 -2.330158e+01 -6.410089e+00 -1.555283e+01 -4.157691e+00 -8.616658e+00 1.538041e+00 -2.788403e+00 9.463466e+01 1.179229e+00 1.874534e-01 -8.425685e-01 -2.113584e-01 -4.948510e-01 -5.353697e-01 2.290783e-01 8.495831e-02 -3.389727e-01 -7.886011e-01 2.163536e-01 5.197300e-01 -1.288138e-01 -4.584483e-01 -2.182368e-01 2.759483e-01 -5.958618e-02 4.070031e-01 1.981912e-01 5.580055e-01 1.863982e-01 8.171713e-02 -2.009021e-01 -3.748181e-02 -7.302406e-02 -4.165391e-01
<VARIANCE> 39
 2.635172e+00 5.788681e+00 1.390793e+01 9.005911e+00 8.239000e+00 2.429548e+01 1.150076e+01 2.054391e+01 1.873821e+01 3.742450e+01 1.281958e+01 2.379777e+01 4.996927e+00 1.911669e+00 8.467082e-01 1.293716e+00 8.817821e-01 1.649631e+00 1.738761e+00 2.519959e+00 2.549776e+00 2.883517e+00 4.148245e+00 1.369592e+00 1.963081e+00 1.761778e+00 5.890743e-01 2.626474e-01 1.930878e-01 2.408244e-01 1.251695e-01 4.211974e-01 3.292143e-01 6.916210e-01 8.321895e-01 7.689267e-01 3.000925e-01 3.950610e-01 1.028022e-01
<GCONST> 9.723241e+01
<STATE> 4
<MEAN> 39
 -4.841592e+00 -5.760313e-01 1.058930e-01 -1.408546e+01 7.070129e+00 -2.173792e+01 2.134937e+00 -1.572410e+01 -8.275583e+00 -1.613974e+01 3.900664e+00 -2.838901e+00 8.565945e+01 -8.367141e-02 1.204310e-01 6.183549e-01 3.261391e-01 7.183814e-01 4.195890e-01 1.485851e-01 4.230304e-02 -8.621500e-02 1.846497e-01 1.387746e-01 -4.385589e-02 -6.357043e-01 1.643565e-02 -2.654126e-02 -5.268273e-02 1.274913e-01 -1.414513e-02 7.947213e-02 -1.689225e-01 1.081411e-01 4.836598e-03 1.975441e-01 -1.112583e-01 4.740814e-02 1.681109e-02
<VARIANCE> 39
 1.143076e+01 2.346200e+01 2.499902e+01 2.433944e+01 1.885538e+01 4.303196e+01 2.041757e+01 2.423221e+01 2.397265e+01 4.712092e+01 6.797681e+01 3.138008e+01 3.064347e+01 1.487974e+00 2.180296e+00 1.905212e+00 3.904767e+00 2.144949e+00 5.050852e+00 2.015561e+00 2.251088e+00 2.537486e+00 4.509512e+00 6.017594e+00 4.293423e+00 5.018255e+00 3.617755e-01 4.008140e-01 3.779159e-01 6.249323e-01 3.510462e-01 8.989398e-01 3.819325e-01 4.600646e-01 4.858475e-01 7.429067e-01 9.053216e-01 9.483057e-01 5.942008e-01
<GCONST> 1.211223e+02
<STATE> 5
<MEAN> 39
 -4.728902e+00 8.315029e-01 3.770867e+00 -3.307326e-01 1.058210e+01 -6.600808e+00 -3.804712e+00 -8.684776e+00 -1.012227e+01 -5.309796e+00 -1.036932e+00 -2.945640e+00 6.942715e+01 -4.368805e-01 -3.555199e-01 -3.386445e-01 5.775287e-01 -8.798316e-01 1.091487e+00 -3.186223e-01 5.672099e-01 2.121964e-01 6.984826e-01 -3.683735e-01 -7.672317e-02 -1.082032e+00 -1.197642e-01 -1.450598e-02 -4.015402e-02 -2.162352e-01 -1.593310e-01 -1.233336e-01 1.014242e-01 -7.954448e-02 1.249348e-01 -5.235735e-02 1.941411e-01 -2.463968e-02 9.084941e-02
<VARIANCE> 39
 1.840177e+01 7.053598e+00 8.715713e+00 2.255593e+01 3.193554e+01 4.901848e+01 1.330765e+01 1.825454e+01 3.062422e+01 1.828520e+01 1.944962e+01 1.627761e+01 2.674218e+01 1.715248e+00 7.637694e-01 1.055365e+00 3.218756e+00 1.526739e+00 2.041038e+00 1.687893e+00 1.763796e+00 2.830966e+00 1.187864e+00 2.730222e+00 2.043428e+00 4.892029e-01 2.250798e-01 1.569019e-01 2.219906e-01 4.391521e-01 3.341503e-01 3.720703e-01 3.065218e-01 3.271394e-01 3.799664e-01 2.461312e-01 4.925003e-01 4.045713e-01 1.123073e-01
<GCONST> 9.975661e+01
<TRANSP> 6
 0.000000e+00 1.000000e+00 0.000000e+00 0.000000e+00 0.000000e+00 0.000000e+00
 0.000000e+00 9.492388e-01 5.076118e-02 0.000000e+00 0.000000e+00 0.000000e+00
 0.000000e+00 0.000000e+00 8.820119e-01 1.179881e-01 0.000000e+00 0.000000e+00
 0.000000e+00 0.000000e+00 0.000000e+00 9.486471e-01 5.135290e-02 0.000000e+00
 0.000000e+00 0.000000e+00 0.000000e+00 0.000000e+00 9.326665e-01 6.733353e-02
 0.000000e+00 0.000000e+00 0.000000e+00 0.000000e+00 0.000000e+00 0.000000e+00
<ENDHMM>
