~o
<STREAMINFO> 1 39
<VECSIZE> 39<NULLD><MFCC_D_A_0><DIAGC>
~h "divide"
<BEGINHMM>
<NUMSTATES> 6
<STATE> 2
<MEAN> 39
 -9.253610e+00 2.898442e+00 5.338031e+00 -6.162190e+00 6.655338e+00 -1.780176e+01 -8.142387e+00 -9.774654e+00 -8.973063e+00 -1.548003e+01 -4.152483e+00 -9.068887e+00 8.191540e+01 9.088965e-01 1.815529e-01 -6.113461e-01 -5.454181e-01 -2.241786e-01 -2.099306e-01 1.383423e-01 -1.663473e-01 -7.429606e-01 -1.655918e-01 2.925734e-01 1.048912e-01 4.639297e-01 1.809043e-02 -8.784179e-02 -2.186234e-01 -6.604936e-02 -9.468460e-02 1.943864e-01 1.593242e-01 3.721905e-02 1.021468e-01 1.897083e-01 6.551075e-02 7.321211e-02 -1.923930e-01
<VARIANCE> 39
 3.845467e+01 3.087443e+01 4.361667e+01 6.363252e+01 3.182257e+01 6.462628e+01 5.094286e+01 3.259913e+01 3.594294e+01 2.700343e+01 2.919109e+01 2.136248e+01 1.550397e+01 4.263995e+00 2.898429e+00 3.396744e+00 5.354374e+00 3.174993e+00 7.760184e+00 5.280667e+00 1.939946e+00 3.609481e+00 4.011460e+00 3.051030e+00 2.282429e+00 2.432892e+00 8.621964e-01 3.864719e-01 2.654507e-01 8.188862e-01 3.449021e-01 9.728422e-01 7.117785e-01 3.797352e-01 8.268620e-01 6.807484e-01 5.084179e-01 3.877165e-01 5.685549e-01
<GCONST> 1.264434e+02
<STATE> 3
<MEAN> 39
 -1.517719e+00 -2.255297e+00 -1.687926e+01 -1.851316e+01 1.019052e+00 -1.393612e+01 1.669008e+00 -1.041800e+01 -4.168348e+00 -1.408223e+01 5.816323e+00 -4.787907e+00 8.821875e+01 -2.361189e-01 -1.493559e-01 -4.600016e-02 3.248139e-01 7.651023e-01 -3.596442e-01 -3.471952e-01 2.380823e-01 1.140522e+00 7.618233e-03 4.849882e-01 -2.419750e-01 4.364280e-02 -1.141768e-01 4.937373e-02 2.901665e-01 9.938332e-02 4.764586e-02 -1.298771e-01 -1.827649e-01 5.989176e-02 -3.949265e-02 -6.525797e-02 -1.653982e-02 -2.227410e-02 -5.120701e-02
<VARIANCE> 39
 2.993426e+00 7.409861e+00 1.874402e+01 7.245674e+00 3.766307e+01 3.330081e+01 2.667805e+01 2.988704e+01 5.623616e+01 2.405641e+01 3.416617e+01 1.350314e+01 3.830444e+00 2.910327e-01 5.503432e-01 2.795816e+00 6.886085e-01 1.125914e+00 2.488303e+00 1.934179e+00 1.045291e+00 1.232799e+00 1.409385e+00 1.487648e+00 9.637020e-01 7.968035e-02 2.854302e-02 1.128585e-01 1.347983e-01 1.019258e-01 1.793941e-01 2.293745e-01 1.318447e-01 1.650868e-01 2.341773e-01 2.490968e-01 2.885402e-01 1.573920e-01 2.168615e-02
<GCONST> 8.032294e+01
<STATE> 4
<MEAN> 39
 -1.023699e+01 -2.668709e+00 3.781619e+00 -7.358411e+00 1.100751e+01 -2.923441e+01 -1.315520e+01 -5.340677e+00 9.662522e-01 -1.523682e+01 9.371564e+00 -6.807395e+00 8.547665e+01 -5.761745e-01 5.056106e-01 1.991165e+00 1.131075e+00 3.161744e-01 -2.087197e-02 -2.064248e-01 -2.059077e-01 -1.357543e+00 -4.696088e-01 -1.315702e+00 1.953714e-01 -1.276008e+00 1.887233e-01 4.150660e-02 -5.805174e-01 -2.195141e-01 -1.381066e-01 7.200949e-01 4.747178e-01 -1.388002e-01 -1.066954e-01 2.461770e-01 -1.645679e-01 1.261781e-01 -3.833929e-01
<VARIANCE> 39
 5.476479e+00 1.794463e+01 5.506168e+01 1.762469e+01 1.349511e+01 1.909446e+01 1.803003e+01 2.376009e+01 3.301723e+01 1.746535e+01 2.177122e+01 1.186900e+01 1.370994e+01 5.083041e-01 9.000008e-01 3.288774e+00 7.616668e-01 1.168350e+00 5.508731e+00 4.095857e+00 1.414859e+00 1.172960e+00 1.626823e+00 1.652884e+00 9.411502e-01 1.674031e+00 2.844181e-02 2.460335e-01 4.388717e-01 1.690710e-01 4.277487e-01 3.227460e-01 3.129184e-01 2.874985e-01 3.407736e-01 5.052324e-01 2.441291e-01 2.324433e-01 1.147595e-01
<GCONST> 9.589782e+01
<STATE> 5
<MEAN> 39
 -1.628645e+01 -6.396143e+00 1.562520e+00 -9.569647e+00 1.408066e+00 -1.187742e+01 -6.876516e+00 -7.895538e+00 -2.432899e+00 -5.114808e+00 3.968771e-01 -3.557159e+00 7.178482e+01 -3.297565e-01 -4.957947e-01 -3.685611e-01 -2.810442e-01 -6.656102e-01 9.425852e-01 1.608709e-01 2.792379e-01 2.414422e-01 9.593353e-01 -9.892357e-02 2.113676e-01 -7.073982e-01 -2.015285e-02 2.434184e-02 1.182248e-01 7.360059e-02 3.886576e-02 -1.624775e-01 -1.002049e-01 5.514647e-02 2.083667e-02 -8.184853e-02 1.762308e-02 -2.772856e-02 1.063064e-01
<VARIANCE> 39
 3.859367e+01 2.491631e+01 1.739697e+01 2.616408e+01 2.756531e+01 2.988961e+01 2.071722e+01 1.934999e+01 2.129895e+01 3.578492e+01 2.231111e+01 2.316501e+01 7.489705e+01 4.333007e+00 1.849049e+00 3.987639e+00 3.275445e+00 2.960402e+00 5.746611e+00 3.058667e+00 2.556880e+00 1.943863e+00 4.739967e+00 2.197260e+00 2.823698e+00 1.309269e+01 8.593823e-01 3.633263e-01 7.534199e-01 6.727991e-01 5.063569e-01 8.708673e-01 7.421011e-01 4.380108e-01 3.988325e-01 7.983286e-01 4.917983e-01 5.329592e-01 2.278963e+00
<GCONST> 1.252879e+02
<TRANSP> 6
 0.000000e+00 1.000000e+00 0.000000e+00 0.000000e+00 0.000000e+00 0.000000e+00
 0.000000e+00 9.486650e-01 5.133502e-02 0.000000e+00 0.000000e+00 0.000000e+00
 0.000000e+00 0.000000e+00 9.439324e-01 5.606771e-02 0.000000e+00 0.000000e+00
 0.000000e+00 0.000000e+00 0.000000e+00 8.934200e-01 1.065800e-01 0.000000e+00
 0.000000e+00 0.000000e+00 0.000000e+00 0.000000e+00 9.447586e-01 5.524143e-02
 0.000000e+00 0.000000e+00 0.000000e+00 0.000000e+00 0.000000e+00 0.000000e+00
<ENDHMM>
