~o
<STREAMINFO> 1 39
<VECSIZE> 39<NULLD><MFCC_D_A_0><DIAGC>
~h "three"
<BEGINHMM>
<NUMSTATES> 6
<STATE> 2
<MEAN> 39
 -1.753626e+01 -8.204537e+00 -1.454214e-02 -1.274893e+01 6.570987e-01 -1.015126e+01 -3.384459e+00 -8.450881e+00 1.406273e+00 -7.180184e+00 1.848881e+00 -6.671501e+00 8.593513e+01 1.199332e+00 1.744578e+00 6.701866e-01 4.806626e-01 1.438707e+00 -2.590091e+00 -1.222203e+00 -2.001660e+00 -1.534172e+00 -7.853888e-01 -8.503915e-01 -9.930238e-01 3.509354e+00 7.601947e-01 1.167098e+00 1.364813e-02 1.304183e+00 5.973539e-01 -1.386591e-01 -1.076348e-02 -1.913686e-02 -9.234488e-01 2.043600e-01 -6.776305e-01 4.415160e-01 -1.767744e+00
<VARIANCE> 39
 6.187509e+00 2.634671e+01 9.897759e+00 3.686124e+01 3.049990e+01 1.350343e+01 1.729380e+01 1.635802e+01 2.350591e+01 3.091085e+01 1.573292e+01 2.273700e+01 1.076546e+02 3.488147e+00 8.747732e+00 1.319449e+00 1.193265e+01 3.391964e+00 2.316887e+00 1.140081e+00 2.252139e+00 7.634281e+00 3.357805e+00 3.530941e+00 2.444234e+00 2.199733e+01 2.783222e-01 6.362182e-01 2.445352e-01 1.016636e+00 5.047837e-01 3.581552e-01 4.035905e-01 2.786278e-01 6.662555e-01 7.890952e-01 3.649456e-01 5.360131e-01 2.319965e+00
<GCONST> 1.207010e+02
<STATE> 3
<MEAN> 39
 -3.868208e+00 8.003485e+00 -6.816477e+00 -9.387729e+00 1.372459e+01 -2.152606e+01 -1.098357e+00 -1.686243e+01 -1.112134e+01 -1.084221e+01 -7.877082e+00 -2.707742e+00 8.624194e+01 3.900180e-01 2.358276e-01 -5.612409e-01 3.266416e-01 1.957446e-01 -5.445122e-01 -3.495128e-02 -2.604623e-01 1.673852e-01 -2.669699e-02 -2.760025e-02 -3.895639e-02 9.973903e-02 -1.933773e-01 -2.106832e-01 7.249542e-02 -1.524514e-02 -1.781717e-01 7.971684e-02 -2.555138e-03 1.713086e-01 2.299856e-01 -2.788807e-02 1.098659e-01 -1.119665e-01 4.374304e-02
<VARIANCE> 39
 7.570926e+00 1.203562e+01 3.547742e+01 4.438527e+01 2.999854e+01 3.532822e+01 4.031235e+01 2.305000e+01 3.231541e+01 2.189990e+01 2.570532e+01 2.132455e+01 1.497357e+01 1.233485e+00 2.030085e+00 1.214041e+00 4.052836e+00 4.280140e+00 3.749291e+00 3.867939e+00 2.437860e+00 3.367870e+00 2.473175e+00 2.592327e+00 2.290219e+00 7.397317e-01 1.223992e-01 2.281864e-01 2.457953e-01 5.428611e-01 7.392538e-01 8.057517e-01 5.983286e-01 5.116012e-01 4.884304e-01 5.329964e-01 3.471715e-01 3.192291e-01 1.303353e-01
<GCONST> 1.111790e+02
<STATE> 4
<MEAN> 39
 -1.033437e+01 2.654487e+00 5.842297e+00 2.536403e+00 5.653540e+00 -2.955369e+01 -7.207137e+00 -7.995317e+00 -2.761989e+00 -1.845749e+01 -6.532640e-01 -8.284883e+00 8.821172e+01 -6.679188e-01 7.249784e-02 1.988389e+00 2.552797e-01 -1.512748e-01 -1.618848e-01 4.001124e-01 1.012626e+00 -1.719510e-01 -9.774562e-01 1.852681e-01 4.943228e-02 -5.789295e-01 3.990991e-02 3.698899e-02 -4.740188e-02 -1.263293e-01 1.132538e-01 1.819994e-01 1.868867e-01 -9.683114e-02 -1.083821e-01 1.071820e-01 -4.339968e-02 1.185489e-01 -1.190597e-01
<VARIANCE> 39
 7.967664e+00 1.990944e+01 8.854330e+01 8.652955e+00 1.268518e+01 2.608502e+01 1.615506e+01 4.394397e+01 2.389426e+01 4.284083e+01 1.385327e+01 1.881080e+01 1.356791e+01 2.367323e-01 1.053028e+00 1.171062e+00 7.413197e-01 1.358374e+00 2.768346e+00 1.335797e+00 2.039582e+00 1.318640e+00 2.032867e+00 9.332916e-01 2.001626e+00 6.162845e-01 3.809366e-02 1.726223e-01 2.459741e-01 1.601759e-01 1.753717e-01 6.662554e-01 1.592963e-01 3.076499e-01 2.996969e-01 4.090227e-01 2.200846e-01 4.413367e-01 5.248478e-02
<GCONST> 9.197812e+01
<STATE> 5
<MEAN> 39
 -1.504756e+01 -5.349079e-01 1.411852e+01 9.341197e-01 4.663364e+00 -1.610831e+01 9.455630e-01 -2.132542e+00 -5.179830e+00 -1.290153e+01 -1.749504e+00 -5.276847e+00 7.135652e+01 1.498687e-01 -6.882253e-01 -1.391502e+00 -4.650317e-01 -5.855284e-01 2.051289e+00 2.693560e-02 2.500297e-01 3.500618e-02 1.467084e+00 -1.654200e-01 5.137581e-01 -1.413558e+00 5.398849e-02 1.436664e-03 -1.619789e-01 -7.281279e-02 -7.500156e-02 -3.224372e-02 -1.137198e-01 6.222581e-03 4.401754e-02 2.090966e-03 2.827612e-02 4.438673e-02 7.057849e-02
<VARIANCE> 39
 5.675452e+00 2.893006e+01 8.477905e+01 2.612738e+01 2.786806e+01 1.176897e+02 2.617741e+01 2.976410e+01 2.330479e+01 7.015548e+01 1.316471e+01 2.113255e+01 5.718277e+01 9.543166e-01 1.542674e+00 6.859547e+00 2.458780e+00 1.979921e+00 5.371093e+00 2.556205e+00 1.808749e+00 2.184917e+00 2.898716e+00 1.571993e+00 2.001710e+00 8.681493e-01 1.264190e-01 3.193899e-01 1.235980e+00 4.764498e-01 4.343021e-01 1.042578e+00 4.399425e-01 2.622792e-01 4.434583e-01 5.402185e-01 3.097447e-01 4.357972e-01 1.490246e-01
<GCONST> 1.142411e+02
<TRANSP> 6
 0.000000e+00 1.000000e+00 0.000000e+00 0.000000e+00 0.000000e+00 0.000000e+00
 0.000000e+00 7.368596e-01 2.631404e-01 0.000000e+00 0.000000e+00 0.000000e+00
 0.000000e+00 0.000000e+00 9.515763e-01 4.842374e-02 0.000000e+00 0.000000e+00
 0.000000e+00 0.000000e+00 0.000000e+00 9.313191e-01 6.868096e-02 0.000000e+00
 0.000000e+00 0.000000e+00 0.000000e+00 0.000000e+00 9.258639e-01 7.413609e-02
 0.000000e+00 0.000000e+00 0.000000e+00 0.000000e+00 0.000000e+00 0.000000e+00
<ENDHMM>
