~o
<STREAMINFO> 1 39
<VECSIZE> 39<NULLD><MFCC_D_A_0><DIAGC>
~h "five"
<BEGINHMM>
<NUMSTATES> 6
<STATE> 2
<MEAN> 39
 -1.959468e+01 -7.709711e+00 -5.313288e+00 -1.283678e+01 3.335940e+00 -9.712326e+00 2.052699e+00 -7.637567e+00 -5.030464e-01 -7.710385e+00 3.293007e+00 -5.474310e+00 8.271336e+01 6.687152e-01 2.178737e-01 -1.989123e-01 -4.207370e-01 -5.288239e-01 -5.688769e-01 1.200326e-01 3.282140e-02 -1.508858e-01 -6.241280e-01 -3.042386e-01 1.573286e-01 1.212448e+00 7.768903e-02 2.550786e-02 7.511617e-03 2.789612e-02 -5.767414e-02 1.173843e-02 -5.041960e-02 9.783909e-02 3.546369e-02 -9.786113e-03 -7.820931e-03 4.466343e-02 -5.507168e-02
<VARIANCE> 39
 8.355367e+01 3.363263e+01 1.637026e+01 1.646983e+01 3.479472e+01 2.994831e+01 2.293590e+01 1.929361e+01 2.568871e+01 3.177813e+01 2.213018e+01 1.597580e+01 5.655851e+01 6.255866e+00 3.308831e+00 1.928232e+00 1.026137e+00 2.933511e+00 2.492309e+00 2.454042e+00 2.016152e+00 2.691543e+00 2.617428e+00 2.776501e+00 1.459242e+00 1.526513e+00 7.327138e-01 6.705062e-01 3.568486e-01 2.210573e-01 4.951941e-01 5.589588e-01 4.711542e-01 4.061012e-01 5.497165e-01 4.735272e-01 6.008796e-01 2.612591e-01 2.372792e-01
<GCONST> 1.151153e+02
<STATE> 3
<MEAN> 39
 -3.596384e+00 -4.292815e+00 -9.870519e+00 -1.683515e+01 -1.869512e+00 -1.198752e+01 1.991743e+00 -2.940902e+00 -1.916187e-01 -1.542450e+01 5.127046e-01 1.147175e-02 9.331009e+01 -2.505732e-01 -2.588210e-01 1.085592e-01 1.889677e-01 7.838649e-01 -4.036867e-01 -3.740572e-01 5.223258e-02 7.109376e-01 1.989965e-01 4.800429e-01 -1.801544e-01 4.818918e-02 -7.573122e-02 5.566306e-02 1.901783e-01 7.949059e-02 8.680519e-02 -2.191472e-01 -7.722104e-02 -6.209152e-02 1.090141e-02 4.552314e-02 -1.726466e-02 -9.701819e-02 -1.066506e-01
<VARIANCE> 39
 7.470804e+00 1.252413e+01 9.627343e+00 1.592775e+01 3.354563e+01 3.966013e+01 2.236802e+01 1.870419e+01 2.529891e+01 4.337790e+01 2.433208e+01 1.435485e+01 7.259800e+00 3.319906e-01 6.467665e-01 1.020382e+00 1.510348e+00 1.606229e+00 4.679201e+00 1.882704e+00 1.470729e+00 1.989982e+00 1.992326e+00 1.178249e+00 1.274430e+00 2.960358e-01 6.529588e-02 1.281555e-01 1.125044e-01 2.991528e-01 3.423415e-01 4.100173e-01 2.744392e-01 2.480268e-01 3.850257e-01 4.194971e-01 2.208319e-01 1.975899e-01 6.820417e-02
<GCONST> 9.134743e+01
<STATE> 4
<MEAN> 39
 -1.091914e+01 -3.963467e+00 5.441707e+00 -6.761035e+00 1.017207e+01 -2.966264e+01 -8.465078e+00 -6.156693e+00 2.538106e+00 -1.397997e+01 -2.938588e-01 -6.317335e+00 8.300126e+01 -4.794764e-01 -1.042310e-01 3.644359e-01 4.016494e-01 2.171686e-01 7.672476e-01 -4.280075e-02 -2.163280e-01 -5.602581e-01 3.064049e-01 -5.062621e-01 -1.860711e-01 -1.231384e+00 -1.554241e-01 3.197751e-03 -2.236081e-01 -1.499734e-01 -1.401059e-01 3.727851e-01 2.668124e-01 -2.552595e-02 -5.429596e-02 -2.489568e-02 1.129085e-01 1.046685e-01 9.969370e-02
<VARIANCE> 39
 1.394510e+01 2.965743e+01 4.768759e+01 3.183360e+01 3.396776e+01 8.631367e+01 2.171820e+01 1.956075e+01 4.816823e+01 5.257942e+01 5.600971e+01 2.748598e+01 5.677239e+01 1.807480e+00 2.348207e+00 5.238596e+00 2.228720e+00 2.796948e+00 1.016811e+01 3.513528e+00 1.494678e+00 2.776777e+00 5.829832e+00 3.259404e+00 2.095966e+00 1.106041e+00 4.680845e-01 4.228089e-01 5.411798e-01 2.834325e-01 5.244450e-01 1.145481e+00 6.000040e-01 3.079798e-01 6.643367e-01 1.154590e+00 6.163370e-01 4.693726e-01 2.413049e-01
<GCONST> 1.233735e+02
<STATE> 5
<MEAN> 39
 -2.364398e+01 -6.306647e+00 -1.587503e+00 -1.041120e+01 7.699803e+00 -7.212468e+00 9.302427e-01 -7.570323e+00 -1.647153e+00 -7.586775e+00 1.815989e+00 -5.249502e+00 7.438599e+01 3.553096e-02 9.416342e-02 6.460523e-03 1.750647e-01 -4.479058e-01 3.881488e-01 1.167993e-01 2.983131e-01 -9.247847e-02 2.473740e-01 -4.753069e-02 1.987738e-01 -5.712069e-01 1.693891e-01 -6.471737e-03 4.920782e-02 1.162689e-01 1.743448e-03 -6.848090e-02 -1.296140e-01 4.801042e-02 -1.082746e-02 1.525690e-02 -1.104947e-01 9.426541e-03 -7.056218e-02
<VARIANCE> 39
 5.272635e+01 2.544670e+01 1.346123e+01 3.111501e+01 3.004410e+01 3.632800e+01 2.019947e+01 2.667511e+01 2.351976e+01 2.017439e+01 2.627036e+01 1.758285e+01 5.821987e+01 3.769376e+00 1.548351e+00 1.290075e+00 2.329633e+00 2.354714e+00 1.945588e+00 1.732540e+00 1.634780e+00 1.535991e+00 1.913657e+00 2.327849e+00 1.376742e+00 2.355418e+00 2.509959e-01 2.044323e-01 2.135555e-01 3.315453e-01 3.860619e-01 3.961227e-01 2.661230e-01 2.739875e-01 2.929599e-01 4.014066e-01 3.447463e-01 2.369736e-01 2.273217e-01
<GCONST> 1.068495e+02
<TRANSP> 6
 0.000000e+00 1.000000e+00 0.000000e+00 0.000000e+00 0.000000e+00 0.000000e+00
 0.000000e+00 9.514201e-01 4.857996e-02 0.000000e+00 0.000000e+00 0.000000e+00
 0.000000e+00 0.000000e+00 9.428281e-01 5.717197e-02 0.000000e+00 0.000000e+00
 0.000000e+00 0.000000e+00 0.000000e+00 9.361661e-01 6.383391e-02 0.000000e+00
 0.000000e+00 0.000000e+00 0.000000e+00 0.000000e+00 9.538293e-01 4.617062e-02
 0.000000e+00 0.000000e+00 0.000000e+00 0.000000e+00 0.000000e+00 0.000000e+00
<ENDHMM>
