~o
<STREAMINFO> 1 39
<VECSIZE> 39<NULLD><MFCC_D_A_0><DIAGC>
~h "zero"
<BEGINHMM>
<NUMSTATES> 6
<STATE> 2
<MEAN> 39
 -2.529325e+01 -8.345757e+00 1.008105e+01 -1.912562e+01 1.164136e+01 -1.575110e+01 -4.550364e-01 -1.197504e+01 2.033141e+00 -8.311810e+00 1.080393e-01 -8.781665e+00 8.148514e+01 1.378685e+00 2.068928e-01 3.204422e-01 8.041987e-01 1.155443e-01 -1.739799e+00 -9.953357e-01 -9.879912e-01 -9.276135e-01 -6.225598e-01 -6.399592e-01 -7.557537e-01 1.600472e+00 5.395123e-01 1.671960e-01 -2.960315e-01 4.944156e-01 -3.906901e-01 -6.183514e-02 -2.255294e-01 1.311543e-01 -3.310229e-01 6.623720e-02 -1.520578e-01 1.464868e-01 -2.904727e-01
<VARIANCE> 39
 8.405436e+01 3.503999e+01 3.451722e+01 4.574240e+01 2.005631e+01 3.180518e+01 4.576869e+01 2.452106e+01 3.467111e+01 2.087018e+01 3.875560e+01 2.316255e+01 2.588710e+01 1.070885e+01 6.298516e+00 4.949799e+00 8.265619e+00 3.907458e+00 5.162664e+00 4.183954e+00 2.637801e+00 4.657055e+00 2.444130e+00 5.111312e+00 2.774299e+00 2.810822e+00 1.210755e+00 1.012627e+00 1.366922e+00 1.160813e+00 7.384390e-01 8.974684e-01 7.655503e-01 5.609688e-01 6.531281e-01 5.764503e-01 8.109146e-01 5.685486e-01 2.476970e-01
<GCONST> 1.328567e+02
<STATE> 3
<MEAN> 39
 -4.178517e+00 -2.668317e+00 4.235428e+00 -7.066856e+00 7.230138e+00 -3.375505e+01 -6.273088e+00 -1.985668e+01 -8.236057e+00 -1.076221e+01 -5.651935e+00 -1.084607e+01 8.657437e+01 5.869977e-01 1.478023e-01 -1.477180e+00 -1.923219e-01 2.711226e-01 -1.918580e-01 4.323199e-01 -2.874807e-01 -5.547833e-02 2.870092e-01 3.290525e-01 1.215622e-01 -1.499732e-01 -8.274273e-02 2.216778e-02 -3.295086e-02 -2.075242e-01 1.815547e-01 3.278681e-01 -1.322541e-02 5.034779e-02 7.575670e-02 -2.241992e-02 4.852796e-02 -2.211669e-02 -7.855142e-02
<VARIANCE> 39
 9.739461e+00 5.408742e+00 6.207516e+01 1.129000e+01 1.098782e+01 1.365113e+01 2.729803e+01 1.646631e+01 1.779147e+01 1.787727e+01 1.463615e+01 1.456083e+01 2.696524e+00 1.568981e-01 7.957060e-01 1.382085e+00 9.634570e-01 1.287990e+00 1.988732e+00 1.456575e+00 1.012887e+00 1.001714e+00 1.351868e+00 7.484397e-01 8.645689e-01 2.225376e-01 9.128589e-02 1.423223e-01 1.995661e-01 2.169089e-01 1.113048e-01 2.469301e-01 3.052508e-01 2.225987e-01 2.467801e-01 2.302773e-01 1.524637e-01 1.449914e-01 1.162212e-02
<GCONST> 7.842795e+01
<STATE> 4
<MEAN> 39
 3.191575e+00 4.728584e+00 -1.012124e+01 -2.133899e+01 1.686285e+01 -2.248599e+01 -5.143205e+00 -1.304218e+01 -1.019839e+01 -1.204090e+01 -8.075845e-01 -1.967908e+00 8.097225e+01 1.085903e-01 8.836758e-02 3.814288e-01 -7.067034e-01 -6.984939e-01 5.442152e-01 1.911165e-01 1.050373e+00 2.807561e-01 -7.868794e-01 -6.234634e-02 7.716932e-01 -2.149666e-01 -4.222171e-02 -4.301764e-02 1.310683e-01 1.192921e-01 -2.596540e-01 -7.652774e-02 1.052791e-01 3.064182e-02 3.865176e-02 -2.569353e-02 -8.608588e-02 -5.476985e-02 -2.153378e-02
<VARIANCE> 39
 3.044547e+00 9.474693e+00 9.039535e+00 2.986735e+01 4.704043e+01 2.076343e+01 3.236045e+01 7.043815e+01 2.868444e+01 3.232438e+01 2.907851e+01 4.262657e+01 3.634929e+00 1.593348e-01 9.312644e-01 5.609509e-01 1.507151e+00 4.479187e+00 1.603810e+00 3.418595e+00 2.537362e+00 1.361474e+00 1.641677e+00 2.554049e+00 1.148838e+00 2.711166e-01 1.835696e-02 1.023180e-01 7.670107e-02 1.504111e-01 2.651975e-01 2.275785e-01 5.975292e-01 4.694269e-01 1.811105e-01 2.819445e-01 4.426088e-01 2.556344e-01 3.737664e-02
<GCONST> 8.987165e+01
<STATE> 5
<MEAN> 39
 -1.349257e+00 3.516623e+00 -1.622887e+00 -1.606682e+01 -9.219690e+00 -1.065969e+01 2.026059e+00 1.704520e+00 -5.181532e+00 -1.411558e+01 -7.899703e+00 -3.846889e+00 6.969365e+01 -6.503829e-01 -2.620528e-01 1.997843e-02 6.978309e-01 -4.361666e-01 8.841851e-01 2.358854e-02 3.524110e-01 1.720110e-01 1.023634e+00 -2.039120e-02 -4.128706e-01 -8.665404e-01 -2.844917e-02 -4.346307e-02 -4.594952e-02 3.386098e-02 1.929730e-01 -1.695925e-02 -7.632469e-02 -1.004456e-01 -1.412115e-02 8.430633e-02 7.500347e-02 5.001347e-02 2.706776e-02
<VARIANCE> 39
 2.084264e+01 2.091704e+01 1.696182e+01 2.291006e+01 2.036042e+01 6.034118e+01 2.322898e+01 2.287636e+01 1.894980e+01 6.913874e+01 2.443639e+01 2.578828e+01 2.549229e+01 6.155083e-01 1.301661e+00 1.213259e+00 1.077206e+00 2.301863e+00 1.808059e+00 1.473427e+00 1.938214e+00 2.106254e+00 1.833883e+00 2.278749e+00 1.941276e+00 2.281349e-01 8.571888e-02 1.426080e-01 1.301628e-01 1.934807e-01 2.393072e-01 3.203872e-01 2.630307e-01 3.701926e-01 4.220464e-01 2.877509e-01 3.523954e-01 2.609226e-01 3.148268e-02
<GCONST> 9.691408e+01
<TRANSP> 6
 0.000000e+00 1.000000e+00 0.000000e+00 0.000000e+00 0.000000e+00 0.000000e+00
 0.000000e+00 9.114255e-01 8.857445e-02 0.000000e+00 0.000000e+00 0.000000e+00
 0.000000e+00 0.000000e+00 9.375640e-01 6.243598e-02 0.000000e+00 0.000000e+00
 0.000000e+00 0.000000e+00 0.000000e+00 9.450002e-01 5.499985e-02 0.000000e+00
 0.000000e+00 0.000000e+00 0.000000e+00 0.000000e+00 9.482183e-01 5.178173e-02
 0.000000e+00 0.000000e+00 0.000000e+00 0.000000e+00 0.000000e+00 0.000000e+00
<ENDHMM>
