~o
<STREAMINFO> 1 39
<VECSIZE> 39<NULLD><MFCC_D_A_0><DIAGC>
~h "nine"
<BEGINHMM>
<NUMSTATES> 6
<STATE> 2
<MEAN> 39
 -3.250703e+00 6.732170e+00 5.822676e+00 -6.120688e+00 1.271914e+01 -1.571244e+01 3.187204e+00 -1.227994e+01 -1.553831e+01 -5.822803e+00 -5.405333e+00 -3.578145e+00 7.693818e+01 5.094899e-01 -3.680630e-01 -4.729410e-01 -1.834301e+00 -6.629354e-01 -1.524712e+00 1.196083e+00 -3.167042e-01 2.182240e-01 -5.324075e-01 1.509982e+00 7.126503e-02 2.780973e+00 -2.958074e-01 -4.306000e-01 -4.808356e-01 -2.224071e-01 -3.552475e-01 1.655457e-01 9.089914e-02 4.123635e-01 3.516441e-01 -2.784717e-02 2.750401e-01 1.353353e-01 7.131084e-03
<VARIANCE> 39
 9.106163e+00 1.906399e+01 1.106627e+01 4.888425e+01 5.084278e+01 3.067668e+01 4.261518e+01 2.639078e+01 3.809489e+01 1.569785e+01 5.015546e+01 2.000331e+01 6.884838e+01 2.860187e+00 4.321661e+00 3.040437e+00 2.428598e+00 7.999808e+00 3.730732e+00 3.016841e+00 3.905269e+00 5.759077e+00 1.295152e+00 4.896634e+00 2.131564e+00 2.268452e+00 3.066387e-01 5.519596e-01 2.970865e-01 4.818722e-01 1.280982e+00 9.051713e-01 6.242234e-01 5.362531e-01 8.453192e-01 2.412675e-01 8.660503e-01 4.513472e-01 5.809489e-01
<GCONST> 1.228527e+02
<STATE> 3
<MEAN> 39
 -4.088738e+00 -1.592964e+00 -7.229110e+00 -2.017670e+01 7.498890e+00 -1.873978e+01 1.025346e+01 -6.457747e+00 -2.001475e+00 -1.693071e+01 5.929548e+00 2.630342e+00 9.296954e+01 -6.350970e-02 -2.308184e-01 -2.011733e-01 -7.179714e-02 6.016209e-01 -1.313862e-02 -3.517211e-01 1.681077e-01 7.828683e-01 -4.292830e-01 3.441846e-01 -2.706286e-02 -2.833461e-02 -3.979977e-02 4.373177e-02 2.255387e-01 1.609082e-01 7.462674e-02 -9.209317e-02 -1.101152e-01 -7.037228e-02 1.327453e-02 8.116706e-02 -5.253760e-02 -1.580234e-01 -1.323878e-01
<VARIANCE> 39
 2.439124e+00 6.492795e+00 1.605294e+01 8.817212e+00 2.203647e+01 2.270755e+01 1.567819e+01 1.046816e+01 3.701906e+01 3.694983e+01 2.280941e+01 2.025821e+01 2.934616e+00 2.055565e-01 4.702286e-01 1.548380e+00 7.716070e-01 1.269433e+00 2.895536e+00 1.148594e+00 1.045016e+00 1.492640e+00 2.553137e+00 1.892843e+00 2.423481e+00 2.602248e-01 3.218535e-02 8.769257e-02 1.415481e-01 2.095535e-01 2.698467e-01 4.832385e-01 1.492611e-01 1.719612e-01 2.830778e-01 3.548157e-01 4.416477e-01 2.546124e-01 1.165905e-01
<GCONST> 8.426179e+01
<STATE> 4
<MEAN> 39
 -1.021316e+01 -3.592876e+00 7.788880e+00 -1.062276e+01 1.368579e+01 -3.397390e+01 -1.089342e+00 -5.302642e+00 6.874274e+00 -1.602083e+01 8.176745e+00 -7.647157e+00 8.745353e+01 -5.333395e-01 1.549822e-02 1.782973e+00 1.203742e+00 -1.758591e-01 -1.121700e+00 -3.942752e-01 3.430154e-01 -4.672286e-01 -1.155379e-01 -1.001608e+00 -2.629088e-01 -8.141919e-01 8.384039e-03 -2.660295e-02 -5.536421e-02 -3.296470e-02 -4.988371e-02 2.735980e-01 1.360355e-01 4.706910e-02 -2.101957e-01 -5.615429e-02 -8.795267e-02 1.882103e-01 -7.279912e-02
<VARIANCE> 39
 7.991149e+00 5.548859e+00 5.928800e+01 2.786375e+01 1.089122e+01 3.186436e+01 1.009524e+01 1.478997e+01 2.069583e+01 1.050025e+01 3.002581e+01 1.660276e+01 1.373303e+01 2.045062e-01 4.880696e-01 4.851489e-01 5.528086e-01 7.775859e-01 1.797627e+00 1.172026e+00 1.238047e+00 1.691668e+00 1.243190e+00 1.104489e+00 1.621404e+00 2.119888e-01 3.372610e-02 6.592263e-02 6.993551e-02 8.083312e-02 1.440661e-01 1.812898e-01 1.481482e-01 1.996702e-01 1.735682e-01 2.192377e-01 2.323662e-01 1.840599e-01 1.729436e-02
<GCONST> 7.588042e+01
<STATE> 5
<MEAN> 39
 -1.526595e+01 -8.113806e+00 1.586846e+01 -2.190885e+00 4.766168e+00 -2.672819e+01 -1.150124e+00 3.064325e+00 -6.597601e+00 -1.330600e+01 -4.164601e-01 -1.168768e+00 7.276258e+01 1.929121e-02 -1.907875e-01 -1.100334e+00 4.954598e-01 -1.218692e+00 1.986803e+00 -3.326160e-02 5.916662e-01 -5.607086e-01 8.057355e-01 -2.151461e-01 5.054596e-01 -1.387488e+00 6.857864e-02 9.286415e-02 -2.119229e-01 -8.954295e-02 -3.089881e-02 8.466089e-02 -2.592375e-02 -1.367485e-01 1.984580e-01 4.859134e-02 2.304461e-02 -6.274191e-02 1.582566e-02
<VARIANCE> 39
 1.441629e+01 2.576507e+01 4.537011e+01 1.788983e+01 6.076278e+01 9.087121e+01 2.145774e+01 3.542173e+01 4.076090e+01 3.061034e+01 1.697044e+01 3.347156e+01 3.175489e+01 8.538300e-01 1.312351e+00 2.233821e+00 1.281577e+00 2.693259e+00 1.863433e+00 1.829817e+00 2.398179e+00 2.895486e+00 2.004975e+00 1.405417e+00 1.783316e+00 4.067652e-01 1.205122e-01 1.407668e-01 1.998750e-01 3.085023e-01 5.565751e-01 3.033242e-01 3.909814e-01 3.922887e-01 4.049386e-01 3.760783e-01 2.568438e-01 3.164074e-01 4.821879e-02
<GCONST> 1.045681e+02
<TRANSP> 6
 0.000000e+00 1.000000e+00 0.000000e+00 0.000000e+00 0.000000e+00 0.000000e+00
 0.000000e+00 8.967022e-01 1.032978e-01 0.000000e+00 0.000000e+00 0.000000e+00
 0.000000e+00 0.000000e+00 9.470714e-01 5.292857e-02 0.000000e+00 0.000000e+00
 0.000000e+00 0.000000e+00 0.000000e+00 9.210559e-01 7.894408e-02 0.000000e+00
 0.000000e+00 0.000000e+00 0.000000e+00 0.000000e+00 9.222315e-01 7.776849e-02
 0.000000e+00 0.000000e+00 0.000000e+00 0.000000e+00 0.000000e+00 0.000000e+00
<ENDHMM>
