~o
<STREAMINFO> 1 39
<VECSIZE> 39<NULLD><MFCC_D_A_0><DIAGC>
~h "sil"
<BEGINHMM>
<NUMSTATES> 6
<STATE> 2
<MEAN> 39
 -1.558982e+01 -3.384368e+00 -4.514822e-01 -4.583584e+00 1.938521e+00 -3.064601e+00 -2.111387e+00 -3.655645e+00 -3.734049e+00 -2.723632e+00 -6.154192e-02 -1.838571e+00 6.193887e+01 2.891891e-02 -4.295215e-03 -7.671705e-02 9.907577e-02 -1.110135e-01 1.219925e-01 -1.886601e-02 -5.516286e-03 3.851053e-02 -4.478550e-02 -7.174601e-02 -3.139065e-02 -9.179650e-02 1.653265e-02 -6.529199e-03 4.658310e-03 2.251188e-02 -3.590678e-02 -2.709732e-02 -2.703249e-03 -1.739794e-02 3.696679e-02 -4.433612e-03 5.700686e-03 -1.190421e-02 2.857031e-02
<VARIANCE> 39
 2.262009e+01 2.431435e+01 3.642554e+01 4.173347e+01 2.543793e+01 3.073841e+01 2.352559e+01 3.408017e+01 2.443203e+01 2.037166e+01 2.329996e+01 2.011015e+01 1.683684e+01 1.253122e+00 1.328190e+00 1.641325e+00 2.032670e+00 2.148237e+00 2.224233e+00 2.159936e+00 2.202429e+00 2.123721e+00 2.002694e+00 1.598621e+00 1.531362e+00 1.694230e+00 2.224633e-01 2.329439e-01 2.951518e-01 3.431347e-01 4.018301e-01 3.936578e-01 4.142180e-01 4.082156e-01 4.177848e-01 3.914936e-01 3.039293e-01 2.943707e-01 3.210103e-01
<GCONST> 1.073218e+02
<STATE> 3
<MEAN> 39
 -1.551776e+01 -2.475046e+00 -1.245592e+00 -3.222946e+00 -4.576432e-01 -3.541116e+00 -2.003947e+00 -3.049665e+00 -2.189003e+00 -2.761868e+00 -1.326024e+00 -2.206327e+00 5.995569e+01 2.768688e-02 -3.526948e-02 3.583121e-03 2.479521e-02 -2.572098e-02 -1.795651e-03 2.775461e-02 -1.023898e-02 3.300291e-02 -2.691429e-02 -8.832638e-03 -1.944211e-02 5.096513e-02 1.485704e-03 -2.318345e-03 9.590168e-03 -1.441105e-02 8.973688e-03 -3.579287e-03 -8.477245e-03 5.755002e-05 -1.324873e-02 6.597452e-03 4.385171e-03 2.057133e-03 1.091213e-02
<VARIANCE> 39
 5.858105e+00 4.562646e+00 7.216171e+00 1.010246e+01 8.867675e+00 1.079920e+01 1.024836e+01 1.276380e+01 1.089866e+01 1.074416e+01 1.072772e+01 9.508076e+00 3.732363e+00 1.698062e-01 2.225596e-01 3.906536e-01 6.097110e-01 8.148360e-01 9.127424e-01 1.043854e+00 1.085346e+00 1.145478e+00 1.082895e+00 1.050776e+00 9.082348e-01 8.207960e-02 3.326310e-02 4.534248e-02 8.111507e-02 1.200694e-01 1.620979e-01 1.871800e-01 2.194276e-01 2.212084e-01 2.342265e-01 2.266901e-01 2.208937e-01 1.881522e-01 1.325473e-02
<GCONST> 6.409113e+01
<STATE> 4
<MEAN> 39
 -1.427681e+01 -4.355937e+00 -1.121701e+00 -2.801705e+00 -2.314306e+00 -2.471272e+00 -3.124978e+00 -1.720307e+00 -3.032931e+00 -1.949758e+00 -2.400108e+00 -1.560312e+00 5.905091e+01 -3.851614e-03 3.073350e-03 -8.529975e-03 1.099653e-02 -2.142949e-02 2.230115e-02 -2.489805e-02 9.184902e-03 -4.417816e-03 2.127728e-02 4.988367e-04 9.879786e-03 -3.825124e-02 6.341615e-04 3.624484e-03 4.534998e-03 -2.569925e-03 9.422552e-03 -3.714196e-03 6.225068e-03 5.682385e-03 -1.081109e-03 2.062701e-04 3.113431e-04 1.008384e-03 5.094145e-03
<VARIANCE> 39
 1.931991e+00 2.324049e+00 2.865838e+00 4.734998e+00 5.257432e+00 6.303776e+00 7.060577e+00 7.680304e+00 7.845713e+00 7.718071e+00 7.165407e+00 6.594244e+00 1.546591e+00 6.300100e-02 1.302823e-01 2.304249e-01 3.467020e-01 4.642149e-01 5.796978e-01 6.737303e-01 7.535282e-01 7.772852e-01 7.974142e-01 7.348427e-01 6.353238e-01 1.981411e-02 1.290202e-02 2.695994e-02 4.830828e-02 7.132819e-02 9.569122e-02 1.198040e-01 1.388871e-01 1.554597e-01 1.603706e-01 1.650144e-01 1.530995e-01 1.275707e-01 3.916969e-03
<GCONST> 4.214561e+01
<STATE> 5
<MEAN> 39
 -1.531874e+01 -2.431078e+00 5.535764e-01 -4.626179e+00 1.997625e+00 -4.202663e+00 -9.616490e-01 -3.429609e+00 -2.725247e+00 -2.945719e+00 -1.225174e+00 -2.754663e+00 6.397327e+01 5.363522e-02 4.222866e-02 3.557615e-01 -5.528615e-01 5.145031e-01 -6.041535e-01 1.664142e-01 -3.876299e-01 -1.634540e-01 -1.842643e-01 6.290302e-03 -2.495088e-01 1.232748e+00 1.685702e-02 6.512163e-03 3.719737e-02 -9.639098e-02 3.714770e-02 -1.614635e-01 2.413207e-03 -1.161776e-01 -2.906553e-02 -1.187450e-01 2.030030e-02 -6.769767e-02 3.080952e-01
<VARIANCE> 39
 2.236201e+01 2.794606e+01 2.605168e+01 4.180107e+01 2.800596e+01 4.042851e+01 2.279889e+01 2.830320e+01 2.529233e+01 2.029282e+01 2.168055e+01 1.535764e+01 4.223452e+01 2.710871e+00 3.189330e+00 2.735381e+00 3.611145e+00 3.108649e+00 4.413157e+00 2.434806e+00 2.646361e+00 2.888690e+00 2.629796e+00 2.387012e+00 1.549160e+00 6.536807e+00 4.423941e-01 5.365722e-01 4.976766e-01 6.581805e-01 5.700958e-01 7.595584e-01 5.010103e-01 4.789512e-01 4.796414e-01 4.889082e-01 4.267927e-01 2.888050e-01 9.871093e-01
<GCONST> 1.201685e+02
<TRANSP> 6
 0.000000e+00 6.151615e-01 3.848386e-01 0.000000e+00 0.000000e+00 0.000000e+00
 0.000000e+00 9.221532e-01 7.543992e-02 2.406891e-03 0.000000e+00 0.000000e+00
 0.000000e+00 0.000000e+00 9.508929e-01 3.264339e-02 1.646376e-02 0.000000e+00
 0.000000e+00 0.000000e+00 0.000000e+00 9.707018e-01 1.081763e-02 1.848054e-02
 0.000000e+00 0.000000e+00 0.000000e+00 0.000000e+00 8.971779e-01 1.028221e-01
 0.000000e+00 0.000000e+00 0.000000e+00 0.000000e+00 0.000000e+00 0.000000e+00
<ENDHMM>
