~o
<STREAMINFO> 1 39
<VECSIZE> 39<NULLD><MFCC_D_A_0><DIAGC>
~h "ten"
<BEGINHMM>
<NUMSTATES> 6
<STATE> 2
<MEAN> 39
 -1.063000e+01 -1.074606e+01 1.905672e+00 -1.149383e+01 3.868966e+00 -1.818930e+01 9.670625e+00 -1.142098e+01 3.919120e+00 -2.752301e+00 3.759321e+00 -7.345945e+00 9.348615e+01 7.832483e-01 2.578745e-01 -5.864372e-01 -7.537605e-02 -1.890845e-01 -1.174624e+00 1.326807e-01 -2.256867e-01 -9.714078e-01 2.659660e-02 -3.509457e-01 -3.844800e-01 7.070439e-01 -1.784217e-02 2.182175e-01 -2.225265e-01 9.846818e-02 -1.964858e-01 1.309606e-01 -2.160114e-01 1.441523e-01 -3.053830e-01 -5.070614e-02 -1.308569e-01 1.454625e-01 -4.822160e-01
<VARIANCE> 39
 2.593528e+01 2.349427e+01 2.362272e+01 1.239132e+01 1.008464e+01 4.755518e+01 2.859232e+01 1.416307e+01 4.344180e+01 1.682133e+01 1.906437e+01 1.938083e+01 5.996108e+00 2.089112e+00 4.539960e+00 1.960290e+00 1.861704e+00 1.640002e+00 2.497379e+00 3.874218e+00 2.064457e+00 6.345085e+00 2.354651e+00 3.118603e+00 2.736429e+00 3.327929e+00 4.578341e-01 5.694469e-01 3.613206e-01 5.676655e-01 2.445105e-01 6.187956e-01 4.854602e-01 5.085807e-01 9.039085e-01 4.128466e-01 7.368904e-01 6.902804e-01 1.227915e+00
<GCONST> 1.156544e+02
<STATE> 3
<MEAN> 39
 -5.732639e+00 -2.327657e+00 -4.422950e+00 -1.580272e+01 1.047863e+00 -2.360692e+01 4.224076e+00 -1.325442e+01 -1.000900e+01 -4.542949e+00 8.686854e+00 -5.592406e+00 9.530611e+01 6.794819e-02 6.134142e-02 3.836800e-01 -5.507963e-01 7.679330e-01 7.428417e-02 5.132635e-02 -2.046685e-01 -2.383194e-01 -6.692091e-02 1.892902e+00 3.129208e-01 -2.538672e-01 -7.566616e-02 -1.435485e-01 2.460955e-01 1.174470e-02 3.109250e-01 -1.499671e-02 2.389916e-01 -7.450461e-02 1.911410e-01 1.453163e-02 9.610977e-02 -1.032928e-01 -1.834700e-01
<VARIANCE> 39
 2.404350e+00 8.526827e+00 8.052272e+00 1.431413e+01 2.061463e+01 2.087268e+01 3.447453e+01 1.151945e+01 1.697831e+01 1.813859e+01 6.391533e+01 2.580371e+01 4.630690e+00 9.069346e-02 7.258818e-01 1.075960e+00 4.789151e-01 1.760328e+00 1.103125e+00 2.199208e+00 9.322127e-01 1.588238e+00 1.486838e+00 1.456907e+00 1.842570e+00 2.435770e-01 3.724039e-02 1.845108e-01 1.013427e-01 1.126946e-01 2.048300e-01 2.231197e-01 3.118052e-01 1.660149e-01 4.832441e-01 3.204045e-01 5.824254e-01 2.794204e-01 3.814020e-02
<GCONST> 8.214981e+01
<STATE> 4
<MEAN> 39
 -6.532025e+00 2.675057e-01 5.086892e+00 -1.087418e+01 1.408412e+01 -1.668999e+01 4.412862e+00 -1.506297e+01 -1.180179e+01 -7.100917e+00 8.537254e+00 -5.033176e+00 8.086575e+01 4.651720e-02 5.852384e-01 4.478059e-01 1.303116e+00 2.582333e-01 1.166791e+00 -5.338221e-01 4.235517e-01 -2.755381e-01 -1.883748e-01 -1.739112e+00 2.002449e-01 -1.767791e+00 8.941638e-02 1.111649e-02 -1.669932e-01 1.202541e-01 -2.710979e-01 5.186526e-02 -1.264674e-01 1.494971e-01 -5.728951e-02 4.329441e-02 -1.312307e-01 1.729152e-02 -1.775132e-02
<VARIANCE> 39
 1.691413e+01 2.884834e+01 9.409561e+00 3.777195e+01 1.845869e+01 4.142149e+01 2.128188e+01 1.420574e+01 1.857375e+01 1.699154e+01 7.141470e+01 2.484356e+01 4.381398e+01 2.162421e+00 1.674402e+00 1.308793e+00 2.941905e+00 3.182246e+00 2.010249e+00 2.025330e+00 1.748156e+00 2.302272e+00 1.177766e+00 3.035175e+00 1.704016e+00 1.766605e+00 4.408043e-01 3.551285e-01 1.910500e-01 6.953745e-01 4.031836e-01 4.635250e-01 4.203747e-01 2.899228e-01 4.997977e-01 2.189933e-01 7.567040e-01 3.121887e-01 3.545052e-01
<GCONST> 1.097247e+02
<STATE> 5
<MEAN> 39
 -5.316946e+00 2.605170e+00 5.482191e+00 6.203249e-01 5.433124e+00 -6.037474e+00 -3.471814e+00 -7.056819e+00 -1.361551e+01 -7.061175e+00 -3.931237e+00 -6.401078e+00 6.690190e+01 -3.904454e-01 -4.103857e-01 -3.196995e-01 2.865937e-01 -1.091992e+00 7.517207e-01 -3.768386e-01 6.265880e-01 5.398881e-01 2.434207e-01 -2.281643e-01 3.419663e-02 -8.376642e-01 -1.095996e-01 -7.031614e-02 -5.081752e-02 -1.521892e-01 1.719593e-02 -3.866579e-02 9.061254e-02 -5.136215e-02 1.961775e-01 4.260126e-02 9.412211e-02 5.749691e-02 9.144482e-02
<VARIANCE> 39
 8.934141e+00 1.223702e+01 9.827694e+00 1.777921e+01 2.231176e+01 1.914245e+01 1.407539e+01 1.637763e+01 1.877336e+01 2.082740e+01 1.826114e+01 2.170633e+01 9.883900e+00 5.811067e-01 9.047367e-01 1.574991e+00 2.390936e+00 1.027860e+00 1.346988e+00 1.557503e+00 1.631853e+00 1.660163e+00 1.975773e+00 1.596273e+00 2.152290e+00 2.534128e-01 8.907705e-02 1.302894e-01 3.007342e-01 3.468690e-01 2.032616e-01 2.841318e-01 2.635784e-01 3.117084e-01 2.514640e-01 3.735928e-01 2.672259e-01 3.488356e-01 3.342703e-02
<GCONST> 9.006113e+01
<TRANSP> 6
 0.000000e+00 1.000000e+00 0.000000e+00 0.000000e+00 0.000000e+00 0.000000e+00
 0.000000e+00 9.186019e-01 8.139814e-02 0.000000e+00 0.000000e+00 0.000000e+00
 0.000000e+00 0.000000e+00 9.091294e-01 9.087060e-02 0.000000e+00 0.000000e+00
 0.000000e+00 0.000000e+00 0.000000e+00 9.121959e-01 8.780406e-02 0.000000e+00
 0.000000e+00 0.000000e+00 0.000000e+00 0.000000e+00 9.124418e-01 8.755812e-02
 0.000000e+00 0.000000e+00 0.000000e+00 0.000000e+00 0.000000e+00 0.000000e+00
<ENDHMM>
